0 0
0.2 0
0.4 95
0.6 99
0.8 0
1 0
1.2 0
1.4 0
1.6 0
1.8 0
2 0
2.2 30
2.4 0
2.6 0
2.8 0
3 0
3.2 22
3.4 0
3.6 0
3.8 14
4 0
4.2 0
4.4 0
4.6 0
4.8 37
5 0
5.2 0
5.4 0
5.6 0
5.8 5
6 0
6.2 0
6.4 31
6.6 0
6.8 0
7 0
7.2 0
7.4 20
7.6 0
7.8 0
8 15
8.2 0
8.4 0
8.6 0
8.8 0
9 36
9.2 0
9.4 0
9.6 0
9.8 0
10 4
10.2 0
10.4 0
10.6 0
10.8 0
11 2
11.2 31
11.4 1
11.6 1
11.8 2
12 1
12.2 35
12.4 1
12.6 1
12.8 2
13 1
13.2 15
13.4 1
13.6 2
13.8 16
14 1
14.2 1
14.4 1
14.6 2
14.8 37
15 1
15.2 1
15.4 2
15.6 1
15.8 30
16 1
16.2 2
16.4 2
16.6 1
16.8 10
17 1
17.2 2
17.4 21
17.6 1
17.8 1
18 2
18.2 1
18.4 42
18.6 1
18.8 1
19 2
19.2 1
19.4 25
19.6 1
19.8 2
20 6
20.2 1
20.4 5
20.6 0
20.8 0
21 0
21.2 0
21.4 1
21.6 26
21.8 1
22 2
22.2 2
22.4 1
22.6 41
22.8 1
23 1
23.2 1
23.4 1
23.6 21
23.8 2
24 2
24.2 11
24.4 1
24.6 1
24.8 1
25 1
25.2 32
25.4 1
25.6 2
25.8 2
26 1
26.2 36
26.4 1
26.6 2
26.8 1
27 1
27.2 16
27.4 2
27.6 2
27.8 16
28 1
28.2 2
28.4 2
28.6 1
28.8 37
29 1
29.2 1
29.4 1
29.6 1
29.8 31
30 2
30.2 2
30.4 1
30.6 1
30.8 11
31 0
31.2 0
31.4 27
31.6 0
31.8 1
32 1
32.2 2
32.4 13
32.6 1
32.8 1
33 20
33.2 1
33.4 2
33.6 1
33.8 1
34 40
34.2 2
34.4 1
34.6 1
34.8 1
35 28
35.2 2
35.4 1
35.6 5
35.8 1
36 8
36.2 1
36.4 1
36.6 25
36.8 1
37 1
37.2 1
37.4 1
37.6 43
37.8 2
38 1
38.2 1
38.4 1
38.6 23
38.8 1
39 1
39.2 9
39.4 1
39.6 3
39.8 1
40 1
40.2 30
40.4 2
40.6 1
40.8 1
41 1
41.2 38
41.4 0
41.6 43
41.8 2
42 1
42.2 1
42.4 1
42.6 23
42.8 2
43 1
43.2 9
43.4 1
43.6 3
43.8 1
44 1
44.2 29
44.4 1
44.6 2
44.8 1
45 1
45.2 38
45.4 2
45.6 1
45.8 1
46 1
46.2 18
46.4 1
46.6 1
46.8 14
47 1
47.2 2
47.4 1
47.6 1
47.8 34
48 2
48.2 1
48.4 1
48.6 1
48.8 33
49 2
49.2 1
49.4 1
49.6 1
49.8 13
50 1
50.2 1
50.4 19
50.6 1
50.8 2
51 1
51.2 1
51.4 40
51.6 0
51.8 0
52 2
52.2 2
52.4 1
52.6 29
52.8 1
53 2
53.2 1
53.4 1
53.6 38
53.8 1
54 2
54.2 1
54.4 1
54.6 18
54.8 2
55 1
55.2 14
55.4 1
55.6 1
55.8 2
56 1
56.2 34
56.4 2
56.6 2
56.8 1
57 1
57.2 33
57.4 1
57.6 2
57.8 1
58 1
58.2 13
58.4 2
58.6 1
58.8 19
59 1
59.2 1
59.4 2
59.6 1
59.8 40
60 1
60.2 2
60.4 1
60.6 1
60.8 28
61 1
61.2 2
61.4 4
61.6 1
61.8 8
62 0
62.2 0
62.4 11
62.6 0
62.8 1
63 17
63.2 2
63.4 2
63.6 1
63.8 1
64 37
64.2 2
64.4 1
64.6 1
64.8 1
65 31
65.2 2
65.4 1
65.6 2
65.8 1
66 10
66.2 1
66.4 1
66.6 22
66.8 2
67 2
67.2 1
67.4 1
67.6 42
67.8 2
68 1
68.2 1
68.4 1
68.6 26
68.8 1
69 1
69.2 7
69.4 1
69.6 5
69.8 1
70 1
70.2 27
70.4 2
70.6 1
70.8 1
71 1
71.2 41
71.4 2
71.6 1
71.8 1
72 1
72.2 21
72.4 0
72.6 0
72.8 33
73 0
73.2 1
73.4 1
73.6 2
73.8 18
74 1
74.2 1
74.4 14
74.6 1
74.8 1
75 1
75.2 2
75.4 35
75.6 1
75.8 1
76 1
76.2 1
76.4 33
76.6 1
76.8 1
77 2
77.2 2
77.4 13
77.6 1
77.8 1
78 19
78.2 1
78.4 1
78.6 1
78.8 2
79 40
79.2 1
79.4 1
79.6 1
79.8 1
80 28
80.2 1
80.4 1
80.6 4
80.8 2
81 8
81.2 1
81.4 1
81.6 24
81.8 1
82 1
82.2 1
82.4 1
82.6 44
82.8 0
83 0
83.2 1
83.4 1
83.6 1
83.8 18
84 2
84.2 1
84.4 14
84.6 1
84.8 1
85 1
85.2 1
85.4 34
85.6 2
85.8 2
86 1
86.2 1
86.4 34
86.6 1
86.8 1
87 1
87.2 1
87.4 14
87.6 2
87.8 1
88 19
88.2 1
88.4 1
88.6 1
88.8 1
89 39
89.2 2
89.4 2
89.6 1
89.8 1
90 29
90.2 1
90.4 1
90.6 3
90.8 1
91 8
91.2 2
91.4 1
91.6 23
91.8 1
92 2
92.2 1
92.4 1
92.6 44
92.8 1
93 2
93.2 0
93.4 0
93.6 1
93.8 16
94 1
94.2 2
94.4 16
94.6 1
94.8 1
95 1
95.2 2
95.4 36
95.6 1
95.8 1
96 2
96.2 1
96.4 31
96.6 1
96.8 1
97 2
97.2 1
97.4 11
97.6 1
97.8 2
98 20
98.2 1
98.4 1
98.6 1
98.8 2
99 41
99.2 1
99.4 1
99.6 2
99.8 1
100 26
100.2 1
100.4 1
100.6 6
100.8 1
101 6
101.2 1
101.4 2
101.6 25
101.8 1
102 1
102.2 1
102.4 2
102.6 41
102.8 1
103 1
103.2 2
103.4 1
103.6 0
103.8 0
104 0
104.2 28
104.4 1
104.6 2
104.8 3
105 1
105.2 8
105.4 2
105.6 1
105.8 24
106 1
106.2 2
106.4 2
106.6 1
106.8 44
107 1
107.2 2
107.4 1
107.6 1
107.8 23
108 2
108.2 2
108.4 8
108.6 1
108.8 3
109 2
109.2 1
109.4 29
109.6 1
109.8 2
110 2
110.2 1
110.4 38
110.6 1
110.8 2
111 1
111.2 1
111.4 18
111.6 2
111.8 1
112 13
112.2 1
112.4 1
112.6 2
112.8 1
113 34
113.2 1
113.4 2
113.6 1
113.8 0
114 0
114.2 1
114.4 36
114.6 1
114.8 2
115 1
115.2 1
115.4 32
115.6 2
115.8 2
116 1
116.2 1
116.4 12
116.6 2
116.8 1
117 20
117.2 1
117.4 2
117.6 2
117.8 1
118 41
118.2 1
118.4 2
118.6 1
118.8 1
119 27
119.2 2
119.4 1
119.6 5
119.8 1
120 7
120.2 2
120.4 1
120.6 25
120.8 1
121 2
121.2 1
121.4 1
121.6 42
121.8 1
122 2
122.2 1
122.4 1
122.6 22
122.8 2
123 1
123.2 10
123.4 1
123.6 2
123.8 2
124 1
124.2 0
124.4 0
124.6 0
124.8 41
125 1
125.2 2
125.4 1
125.6 1
125.8 21
126 2
126.2 1
126.4 11
126.6 1
126.8 2
127 2
127.2 1
127.4 32
127.6 1
127.8 2
128 1
128.2 1
128.4 36
128.6 2
128.8 2
129 1
129.2 1
129.4 16
129.6 2
129.8 1
130 16
130.2 1
130.4 2
130.6 2
130.8 1
131 37
131.2 1
131.4 2
131.6 1
131.8 1
132 31
132.2 2
132.4 2
132.6 1
132.8 1
133 11
133.2 2
133.4 1
133.6 21
133.8 1
134 2
134.2 1
134.4 1
134.6 0
134.8 1
135 1
135.2 1
135.4 36
135.6 1
135.8 1
136 1
136.2 2
136.4 16
136.6 1
136.8 1
137 16
137.2 1
137.4 1
137.6 1
137.8 1
138 37
138.2 2
138.4 1
138.6 1
138.8 1
139 31
139.2 1
139.4 1
139.6 1
139.8 2
140 11
140.2 1
140.4 1
140.6 21
140.8 2
141 1
141.2 1
141.4 1
141.6 42
141.8 2
142 1
142.2 1
142.4 2
142.6 26
142.8 1
143 1
143.2 6
143.4 1
143.6 5
143.8 1
144 1
144.2 27
144.4 2
144.6 1
144.8 0
145 0
145.2 0
145.4 15
145.6 2
145.8 2
146 16
146.2 1
146.4 2
146.6 2
146.8 1
147 37
147.2 1
147.4 1
147.6 2
147.8 1
148 30
148.2 2
148.4 2
148.6 1
148.8 1
149 10
149.2 1
149.4 2
149.6 21
149.8 1
150 2
150.2 2
150.4 1
150.6 42
150.8 1
151 1
151.2 1
151.4 1
151.6 26
151.8 2
152 2
152.2 6
152.4 1
152.6 5
152.8 1
153 1
153.2 27
153.4 1
153.6 1
153.8 2
154 1
154.2 41
154.4 1
154.6 2
154.8 1
155 1
155.2 0
155.4 0
155.6 0
155.8 0
156 2
156.2 25
156.4 1
156.6 1
156.8 6
157 1
157.2 5
157.4 1
157.6 1
157.8 27
158 1
158.2 1
158.4 1
158.6 2
158.8 41
159 1
159.2 1
159.4 1
159.6 2
159.8 21
160 1
160.2 1
160.4 11
160.6 1
160.8 1
161 1
161.2 2
161.4 32
161.6 1
161.8 1
162 1
162.2 2
162.4 36
162.6 1
162.8 1
163 2
163.2 2
163.4 16
163.6 1
163.8 1
164 16
164.2 1
164.4 1
164.6 1
164.8 2
165 36
165.2 1
165.4 1
165.6 0
165.8 0
166 0
166.2 0
166.4 1
166.6 26
166.8 1
167 2
167.2 2
167.4 1
167.6 41
167.8 1
168 2
168.2 1
168.4 1
168.6 21
168.8 2
169 1
169.2 11
169.4 1
169.6 1
169.8 2
170 1
170.2 32
170.4 1
170.6 2
170.8 1
171 1
171.2 36
171.4 1
171.6 2
171.8 1
172 1
172.2 16
172.4 2
172.6 1
172.8 16
173 1
173.2 2
173.4 2
173.6 1
173.8 37
174 1
174.2 2
174.4 1
174.6 1
174.8 31
175 2
175.2 2
175.4 1
175.6 1
175.8 11
176 0
176.2 0
176.4 1
176.6 33
176.8 1
177 1
177.2 2
177.4 2
177.6 35
177.8 1
178 1
178.2 1
178.4 1
178.6 14
178.8 1
179 1
179.2 17
179.4 1
179.6 1
179.8 1
180 1
180.2 37
180.4 1
180.6 1
180.8 1
181 2
181.2 30
181.4 1
181.6 1
181.8 2
182 1
182.2 10
182.4 1
182.6 1
182.8 22
183 1
183.2 1
183.4 1
183.6 2
183.8 42
184 1
184.2 1
184.4 1
184.6 2
184.8 25
185 1
185.2 1
185.4 7
185.6 1
185.8 5
186 1
186.2 1
186.4 0
186.6 0
186.8 0
187 41
187.2 1
187.4 1
187.6 2
187.8 2
188 26
188.2 1
188.4 1
188.6 6
188.8 1
189 5
189.2 1
189.4 2
189.6 26
189.8 1
190 1
190.2 1
190.4 2
190.6 41
190.8 1
191 1
191.2 2
191.4 1
191.6 21
191.8 1
192 1
192.2 11
192.4 1
192.6 1
192.8 1
193 2
193.2 31
193.4 1
193.6 1
193.8 1
194 2
194.2 36
194.4 1
194.6 1
194.8 2
195 1
195.2 16
195.4 1
195.6 2
195.8 17
196 1
196.2 1
196.4 1
196.6 0
196.8 0
197 0
197.2 0
197.4 16
197.6 1
197.8 2
198 16
198.2 1
198.4 1
198.6 1
198.8 1
199 36
199.2 1
199.4 1
199.6 2
199.8 2
200 32
