0.14002 10
0.180295 11
0.180775 13
0.181256 15
0.181737 17
0.182217 19
0.220569 21
0.221049 23
0.22153 25
0.22201 27
0.222491 29
0.222972 31
0.223452 33
0.223933 35
0.224414 37
0.260842 39
0.261323 41
0.261804 43
0.262284 45
0.262765 47
0.263246 49
0.263726 51
0.264207 53
0.264688 55
0.265168 57
0.265649 59
0.266129 61
0.26661 63
0.267091 65
0.267571 67
0.268052 69
0.268533 71
0.269013 73
0.301116 75
0.301597 77
0.302078 79
0.302558 81
0.303039 83
0.303519 85
0.304 87
0.304481 89
0.304961 91
0.305442 93
0.305923 95
0.306403 97
0.306884 99
0.307365 101
0.307845 103
0.308326 105
0.308807 107
0.309287 109
0.309768 111
0.310248 113
0.310729 115
0.31121 117
0.31169 119
0.312171 121
0.312652 123
0.313132 125
0.313613 127
0.314094 129
0.314574 131
0.315055 133
0.315535 135
0.316016 137
0.316497 139
0.316977 141
0.317458 143
0.317939 145
0.34139 147
0.341871 149
0.342351 151
0.342832 153
0.343313 155
0.343793 157
0.344274 159
0.344755 161
0.345235 163
0.345716 165
0.346197 167
0.346677 169
0.347158 171
0.347638 173
0.348119 175
0.3486 177
0.34908 179
0.349561 181
0.350042 183
0.350522 185
0.351003 187
0.351484 189
0.351964 191
0.352445 193
0.352925 195
0.353406 197
0.353887 199
0.354367 201
0.354848 203
0.355329 205
0.355809 207
0.35629 209
0.356771 211
0.357251 213
0.357732 215
0.358213 217
0.358693 219
0.359174 221
0.359654 223
0.360135 225
0.360616 227
0.361096 229
0.361577 231
0.362058 233
0.362538 235
0.363019 237
0.3635 239
0.36398 241
0.364461 243
0.364941 245
0.365422 247
0.365903 249
0.366383 251
0.366864 253
0.367345 255
0.367825 257
0.368306 259
0.368787 261
0.369267 263
0.369748 265
0.370229 267
0.370709 269
0.37119 271
0.37167 273
0.372151 275
0.372632 277
0.373112 279
0.373593 281
0.374074 283
0.374554 285
0.375035 287
0.375516 289
0.381664 291
0.382145 293
0.382625 295
0.383106 297
0.383587 299
0.384067 301
0.384548 303
0.385028 305
0.385509 307
0.38599 309
0.38647 311
0.386951 313
0.387432 315
0.387912 317
0.388393 319
0.388874 321
0.389354 323
0.389835 325
0.390316 327
0.390796 329
0.391277 331
0.391757 333
0.392238 335
0.392719 337
0.393199 339
0.39368 341
0.394161 343
0.394641 345
0.395122 347
0.395603 349
0.396083 351
0.396564 353
0.397044 355
0.397525 357
0.398006 359
0.398486 361
0.398967 363
0.399448 365
0.399928 367
0.400409 369
0.40089 371
0.40137 373
0.401851 375
0.402332 377
0.402812 379
0.403293 381
0.403773 383
0.404254 385
0.404735 387
0.405215 389
0.405696 391
0.406177 393
0.406657 395
0.407138 397
0.407619 399
0.408099 401
0.40858 403
0.40906 405
0.409541 407
0.410022 409
0.410502 411
0.410983 413
0.411464 415
0.411944 417
0.412425 419
0.412906 421
0.413386 423
0.413867 425
0.414348 427
0.414828 429
0.415309 431
0.415789 433
0.41627 435
0.416751 437
0.417231 439
0.417712 441
0.418193 443
0.418673 445
0.419154 447
0.419635 449
0.420115 451
0.420596 453
0.421076 455
0.421557 457
0.426364 458
0.431653 456
0.431894 455.392
0.432135 453.087
0.432376 452.783
0.432616 450.479
0.432856 450.174
0.433097 447
0.433337 446
0.433577 443
0.433818 442
0.434058 439
0.434298 438
0.434539 435
0.434779 434
0.435019 431
0.43526 430
0.4355 427
0.43574 426
0.435981 423.311
0.436221 422
0.436461 419
0.436701 418
0.436942 415
0.437182 414
0.437422 411.032
0.437663 410
0.437903 407
0.438143 406
0.438384 403
0.438624 402
0.438864 399
0.439105 398.449
0.439345 395
0.439585 394
0.439826 391
0.440066 390
0.440306 387
0.440547 386.169
0.440787 383
0.441027 382
0.441268 379
0.441508 378
0.441748 377
0.441989 376
0.442229 375
0.442469 374
0.442709 373
0.44295 372
0.44319 371
0.44343 370
0.443671 369.307
0.443911 368
0.444151 367
0.444392 366
0.444632 365
0.444872 364
0.445113 363.028
0.445353 362
0.445593 361
0.445834 360
0.446074 359
0.446314 358
0.446555 357
0.446795 356.444
0.447035 355
0.447276 354
0.447516 353
0.447756 352
0.447997 351
0.448237 350.165
0.448477 349
0.448717 348
0.448958 347
0.449198 346
0.449438 345
0.449679 344
0.449919 343
0.450159 342
0.4504 341
0.45064 340
0.45088 339
0.451121 338
0.451361 337.302
0.451601 336
0.451842 335
0.452082 334
0.452322 333
0.452563 331
0.452803 330.023
0.453043 327
0.453284 326
0.453524 323
0.453764 322
0.454005 320
0.454485 318
0.454966 316
0.455446 314
0.455927 312
0.456408 310
0.456888 308
0.457369 306
0.45785 304
0.45833 302
0.458811 300
0.459292 298
0.459772 296
0.460253 294
0.460733 292
0.461214 290
0.461695 288
0.462175 286
0.462656 284
0.463137 282
0.463617 280
0.464098 278
0.464579 276
0.465059 274
0.46554 272
0.466021 270
0.466501 268
0.466982 266
0.467462 264
0.467943 262
0.468424 260
0.468904 258
0.469385 256
0.469866 254
0.470346 252
0.470827 250
0.471308 248
0.471788 246
0.472269 244
0.472749 242
0.47323 240
0.473711 238
0.474191 236
0.474672 234
0.475153 232
0.475633 230
0.476114 228
0.476595 226
0.477075 224
0.477556 222
0.478037 220
0.478517 218
0.478998 216
0.479478 214
0.479959 212
0.48044 210
0.48092 208
0.481401 206
0.481882 204
0.482362 202
0.482843 200
0.483324 198
0.483804 196
0.484285 194
0.484765 192
0.485246 190
0.485727 188
0.486207 186
0.486688 184
0.487169 182
0.491975 181
0.496541 271
0.496781 272
0.497022 271
0.497262 272
0.497502 271
0.497743 272
0.497983 271
0.498223 272
0.498464 271
0.498704 272
0.498944 271
0.499185 272
0.499425 271
0.499665 272
0.499906 271
0.500146 272
0.500386 271
0.500627 272
0.500867 271
0.501107 272
0.501348 271
0.501588 272
0.501828 271
0.502069 272
0.502309 271
0.502549 272
0.502789 271
0.50303 272
0.50327 271
0.50351 272
0.503751 271
0.503991 272
0.504231 271
0.504472 272
0.504712 271
0.504952 272
0.505193 271
0.505433 272
0.505673 271
0.505914 272
0.506154 271
0.506394 272
0.506635 271
0.506875 272
0.507115 271
0.507356 272
0.507596 271
0.507836 272
0.508077 271
0.508317 272
0.508557 271
0.508797 272
0.509038 271
0.509278 272
0.509518 271
0.509759 272
0.509999 271
0.510239 272
0.51048 271
0.51072 272
0.51096 271
0.511201 272
0.511441 271
0.511681 272
0.511922 271
0.512162 272
0.512402 271
0.512643 272
0.512883 271
0.513123 272
0.513364 271
0.513604 272
0.513844 271
0.514085 272
0.514325 271
0.514565 272
0.514805 271
0.515046 272
0.515286 271
0.515526 272
0.515767 271
0.516007 272
0.516247 271
0.516488 272
0.516728 271
0.516968 272
0.517209 271
0.517449 272
0.517689 271
0.51793 272
0.51817 271
0.51841 272
0.518651 271
0.518891 272
0.519131 271
0.519372 272
0.519612 271
0.519852 272
0.520093 271
0.520333 272
0.520573 271
0.520813 272
0.521054 271
0.521294 272
0.521534 271
0.521775 272
0.522015 271
0.522255 272
0.522496 271
0.522736 272
0.522976 271
0.523217 272
0.523457 271
0.523697 272
0.523938 271
0.524178 272
0.524418 271
0.524659 272
0.524899 271
0.525139 272
0.52538 271
0.52562 272
0.52586 271
0.526101 272
0.526341 271
0.526581 272
0.526821 271
0.527062 272
0.527302 271
0.527542 272
0.527783 271
0.528023 272
0.528263 271
0.528504 272
0.528744 271
0.528984 272
0.529225 271
0.529465 272
0.529705 271
0.529946 272
0.530186 271
0.530426 272
0.530667 271
0.530907 272
0.531147 271
0.531388 272
0.531628 271
0.531868 272
0.532109 271
0.532349 272
0.532589 271
0.532829 272
0.53307 271
0.53331 272
0.53355 271
0.533791 272
0.534031 271
0.534271 272
0.534512 271
0.534752 272
0.534992 271
0.535233 272
0.535473 271
0.535713 272
0.535954 271
0.536194 272
0.536434 271
0.536675 272
0.536915 271
0.537155 272
0.537396 271
0.537636 272
0.537876 271
0.538117 272
0.538357 271
0.538597 272
0.538837 271
0.539078 272
0.539318 271
0.539558 272
0.539799 271
0.540039 272
0.540279 271
0.54052 272
0.540759 271
0.540999 272
0.541238 271
0.541477 320
0.553012 321
0.563347 319
0.563588 318.387
0.563828 318.081
0.564068 317.774
0.564309 317.468
0.564549 317.162
0.564789 316.855
0.56503 316.548
0.56527 316.242
0.56551 315
0.565751 314
0.565991 313
0.566231 312
0.566471 311
0.566712 310
0.566952 309
0.567192 308
0.567433 307.142
0.567673 306
0.567913 305
0.568154 304
0.568394 303
0.568634 302
0.568875 301
0.569115 300
0.569355 299
0.569596 298.041
0.569836 297
0.570076 296
0.570317 295
0.570557 294
0.570797 293
0.571038 292
0.571278 291
0.571518 290
0.571759 289
0.571999 288
0.572239 287
0.572479 286
0.57272 285
0.57296 284
0.5732 283
0.573441 282
0.573681 281
0.573921 280
0.574162 279
0.574402 278
0.574642 277
0.574883 276
0.575123 275
0.575363 274
0.575604 273
0.575844 272
0.576084 271
0.576325 270
0.576565 269
0.576805 268
0.577046 267
0.577286 266
0.577526 265
0.577767 264
0.578007 263
0.578247 262
0.578487 261.333
0.578728 260
0.578968 259
0.579208 258
0.579449 257
0.579689 256
0.579929 255
0.58017 254
0.58041 253
0.58065 252.232
0.580891 251
0.581131 250
0.581371 249
0.581612 248
0.581852 247
0.582092 246
0.582333 245
0.582573 244
0.582813 243.132
0.583054 242
0.583294 241
0.583534 240
0.583775 239
0.584015 238
0.584255 237
0.584495 236
0.584736 235
0.584976 234.032
0.585216 233
0.585457 232
0.585697 231
0.585937 230
0.586178 229
0.586418 228
0.586658 227
0.586899 226
0.587139 225
0.587379 224
0.607088 217
0.607329 198
0.607569 179
0.607809 177
0.60805 176
0.618624 175
0.628237 224
0.660676 225
0.690475 226
0.726043 227
0.75392 228
0.798619 229
0.835628 230
0.863986 231
0.91157 232
0.947618 233
0.990395 234
1.03077 235
1.06009 236
1.11392 237
1.14516 238
1.19995 239
1.2312 240
1.28887 241
1.33597 242
1.37587 243
1.4321 244
1.46382 245
1.52246 246
1.58158 247
1.6383 248
1.67098 249
1.73058 250
1.79066 251
1.85122 252
1.91178 253
1.97234 254
2.03338 255
2.09491 256
2.15643 257
2.21795 258
2.28235 259
2.36214 260
2.44625 261
2.53517 262
2.62938 263
2.73031 264
2.83894 265
2.95717 266
3.08695 267
3.23258 268
3.39888 269
3.59594 270
3.84347 271
3.90908 270
3.90932 269.385
3.90956 269.077
3.9098 268.769
3.91004 268.462
3.91028 268.154
3.91052 267.847
3.91076 267.539
3.911 267.231
3.91125 266.923
3.91149 265
3.91173 264
3.91197 263
3.91221 262
3.91245 261
3.91269 260
3.91293 259
3.91317 258
3.91341 257
3.91365 256.343
3.91389 256.035
3.91413 255
3.91437 254
3.91461 253
3.91485 252
3.91509 251
3.91533 250
3.91557 249
3.91581 248
3.91605 247
3.91629 246
3.91653 245.147
3.91677 244
3.91701 243
3.91725 242
3.91749 241
3.91773 240
3.91797 239
3.91821 238
3.91845 237
3.9187 236
3.91894 235
3.91918 234.259
3.91942 233
3.91966 232
3.9199 231
3.92014 230
3.92038 229
3.92062 228
3.92086 227
3.9211 226
3.92134 225
3.92158 224
3.92182 223.372
3.92206 222
3.9223 221
3.92254 220
3.92278 219
3.92302 218
3.92326 217
3.9235 216
3.92374 215
3.92398 214
3.92422 213
3.92446 212.483
3.9247 211
3.92494 210
3.92518 209
3.92542 208
3.92566 207
3.9259 206
3.92615 205
3.92639 204
3.92663 203
3.92687 202
3.92711 201
3.92735 200
3.92759 199
3.92783 198
3.92807 197
3.92831 196
3.92855 195
3.92879 194
3.92903 193
3.92927 192
3.92951 191.015
3.92975 190
3.92999 189
3.97397 190
3.97445 191
4.01146 192
4.05135 193
4.09172 194
4.13258 195
4.17487 196
4.21717 197
4.26091 198
4.30513 199
4.35079 200
4.39693 201
4.44451 202
4.49306 203
4.54256 204
4.59351 205
4.64542 206
4.69925 207
4.75453 208
4.81124 209
4.86988 210
4.92996 211
4.99244 212
5.05733 213
5.12462 214
5.19431 215
5.26689 216
5.34331 217
5.4231 218
5.50673 219
5.59565 220
5.69033 221
5.79127 222
5.89989 223
6.01813 224
6.1479 225
6.29354 226
6.45984 227
6.6569 228
6.90395 229
7.25674 230
9.97139 231
10.3242 232
10.5717 233
10.7688 234
10.9255 235
11.0802 236
11.2105 237
11.3287 238
11.4373 239
11.5383 240
11.6325 241
11.7214 242
11.8055 243
11.8853 244
11.9612 245
12.0343 246
12.104 247
12.1713 248
12.2357 249
12.2982 250
12.3587 251
12.4169 252
12.4741 253
12.5289 254
12.5827 255
12.6351 256
12.6856 257
12.7356 258
12.7841 259
12.8312 260
12.8778 261
12.923 262
12.9672 263
13.011 264
13.0537 265
13.0956 266
13.1369 267
13.1773 268
13.2167 269
13.2556 270
13.2941 271
13.332 272
13.3597 271
13.3599 270.387
13.3601 270.081
13.3604 269.774
13.3606 269.468
13.3609 269.161
13.3611 268.854
13.3613 268.548
13.3616 268.241
13.3618 267.934
13.3621 266
13.3623 265
13.3626 264
13.3628 263
13.363 262
13.3633 261
13.3635 260
13.3638 259
13.364 258
13.3642 257.393
13.3645 257.086
13.3647 256
13.365 255
13.3652 254
13.3654 253
13.3657 252
13.3659 251
13.3662 250
13.3664 249
13.3666 248
13.3669 247
13.3671 246.238
13.3674 245
13.3676 244
13.3678 243
13.3681 242
13.3683 241
13.3686 240
13.3688 239
13.369 238
13.3693 237
13.3695 236
13.3698 235.39
13.37 234
13.3702 233
13.3705 232
13.3707 231
13.371 230
13.3712 229
13.3714 228
13.3717 227
13.3719 226
13.3722 225
13.3724 224
13.3726 223
13.3729 222
13.3731 221
13.3734 220
13.3736 219
13.3738 218
13.3741 217
13.3743 216
13.3746 215
13.3748 214
13.375 213
13.3753 212
13.3755 211
13.3758 210
13.376 209
13.3762 208
13.3765 207
13.3767 206
13.377 205
13.3772 204
13.3775 203.151
13.3777 202
13.3779 201
13.3782 200
13.3784 199
13.3787 198
13.3789 197
13.3791 196
13.3794 195
13.3796 194
13.3799 193
13.3801 192.303
13.3803 191
13.3806 190
13.3976 189
13.4246 190
13.4431 191
13.4435 192
13.4517 193
13.4762 194
13.5007 195
13.5257 196
13.5507 197
13.5762 198
13.6098 199
13.6536 200
13.6795 201
13.706 202
13.7329 203
13.7598 204
13.7872 205
13.8151 206
13.8425 207
13.8708 208
13.8992 209
13.928 210
13.9535 211
13.9862 212
14.016 213
14.0463 214
14.0765 215
14.1073 216
14.1333 217
14.1698 218
14.2015 219
14.2337 220
14.2645 221
14.2996 222
14.3332 223
14.3673 224
14.3981 225
14.4365 226
14.4721 227
14.5067 228
14.5447 229
14.5822 230
14.6168 231
14.6581 232
14.697 233
14.7283 234
14.7773 235
14.8129 236
14.86 237
14.898 238
14.9465 239
14.984 240
15.0364 241
15.071 242
15.1291 243
15.1782 244
15.2166 245
15.2757 246
15.331 247
15.3647 248
15.4243 249
15.4839 250
15.5439 251
15.6045 252
15.6651 253
15.7256 254
15.7867 255
15.8482 256
15.9097 257
15.9712 258
16.0332 259
16.1082 260
16.1923 261
16.2812 262
16.3754 263
16.4764 264
16.5855 265
16.7032 266
16.8335 267
16.9786 268
17.1454 269
17.342 270
17.5895 271
17.6551 270
17.6554 269.385
17.6556 269.077
17.6559 268.769
17.6561 268.462
17.6563 268.154
17.6566 267.847
17.6568 267.539
17.6571 267.231
17.6573 266.923
17.6575 265
17.6578 264
17.658 263
17.6583 262
17.6585 261
17.6588 260
17.659 259
17.6592 258
17.6595 257
17.6597 256.343
17.66 256.035
17.6602 255
17.6604 254
17.6607 253
17.6609 252
17.6612 251
17.6614 250
17.6616 249
17.6619 248
17.6621 247
17.6624 246
17.6626 245.147
17.6628 244
17.6631 243
17.6633 242
17.6636 241
17.6638 240
17.664 239
17.6643 238
17.6645 237
17.6648 236
17.665 235
17.6652 234.259
17.6655 233
17.6657 232
17.666 231
17.6662 230
17.6664 229
17.6667 228
17.6669 227
17.6672 226
17.6674 225
17.6676 224
17.6679 223.372
17.6681 222
17.6684 221
17.6686 220
17.6688 219
17.6691 218
17.6693 217
17.6696 216
17.6698 215
17.67 214
17.6703 213
17.6705 212.483
17.6708 211
17.671 210
17.6712 209
17.6715 208
17.6717 207
17.672 206
17.6722 205
17.6724 204
17.6727 203
17.6729 202
17.6732 201
17.6734 200
17.6737 199
17.6739 198
17.6741 197
17.6744 196
17.6746 195
17.6749 194
17.6751 193
17.6753 192
17.6756 191.015
17.6758 190
17.6761 189
17.72 190
17.7205 191
17.7575 192
17.7974 193
17.8378 194
17.8786 195
17.9209 196
17.9632 197
18.007 198
18.0512 199
18.0969 200
18.143 201
18.1906 202
18.2391 203
18.2886 204
18.3396 205
18.3915 206
18.4453 207
18.5006 208
18.5573 209
18.6159 210
18.676 211
18.7385 212
18.8034 213
18.8707 214
18.9404 215
19.013 216
19.0894 217
19.1692 218
19.2528 219
19.3417 220
19.4364 221
19.5373 222
19.646 223
19.7642 224
19.894 225
20.0396 226
20.2059 227
20.403 228
20.65 229
21.0028 230
23.7175 231
24.0702 232
24.3178 233
24.5148 234
24.6787 235
24.8263 236
24.9565 237
25.0748 238
25.1834 239
25.2843 240
25.3785 241
25.4675 242
25.5516 243
25.6314 244
25.7073 245
25.7804 246
25.8501 247
25.9173 248
25.9818 249
26.0442 250
26.1048 251
26.163 252
26.2201 253
26.2749 254
26.3288 255
26.3812 256
26.4316 257
26.4816 258
26.5302 259
26.5773 260
26.6239 261
26.6691 262
26.7133 263
26.757 264
26.7998 265
26.8416 266
26.883 267
26.9233 268
26.9627 269
27.0017 270
27.0401 271
27.0781 272
27.1057 271
27.106 270.387
27.1062 270.081
27.1065 269.774
27.1067 269.468
27.1069 269.161
27.1072 268.854
27.1074 268.548
27.1077 268.241
27.1079 267.934
27.1081 266
27.1084 265
27.1086 264
27.1089 263
27.1091 262
27.1093 261
27.1096 260
27.1098 259
27.1101 258
27.1103 257.393
27.1105 257.086
27.1108 256
27.111 255
27.1113 254
27.1115 253
27.1117 252
27.112 251
27.1122 250
27.1125 249
27.1127 248
27.1129 247
27.1132 246.238
27.1134 245
27.1137 244
27.1139 243
27.1141 242
27.1144 241
27.1146 240
27.1149 239
27.1151 238
27.1153 237
27.1156 236
27.1158 235.39
27.1161 234
27.1163 233
27.1165 232
27.1168 231
27.117 230
27.1173 229
27.1175 228
27.1177 227
27.118 226
27.1182 225
27.1185 224
27.1187 223
27.1189 222
27.1192 221
27.1194 220
27.1197 219
27.1199 218
27.1201 217
27.1204 216
27.1206 215
27.1209 214
27.1211 213
27.1214 212
27.1216 211
27.1218 210
27.1221 209
27.1223 208
27.1226 207
27.1228 206
27.123 205
27.1233 204
27.1235 203.151
27.1238 202
27.124 201
27.1242 200
27.1245 199
27.1247 198
27.125 197
27.1252 196
27.1254 195
27.1257 194
27.1259 193
27.1262 192.303
27.1264 191
27.1266 190
27.1437 189
27.1706 190
27.1891 191
27.1896 192
27.1978 193
27.2223 194
27.2468 195
27.2718 196
27.2968 197
27.3223 198
27.3631 199
27.3996 200
27.4256 201
27.4525 202
27.4789 203
27.5059 204
27.5328 205
27.5611 206
27.5885 207
27.6169 208
27.6452 209
27.6741 210
27.7029 211
27.7322 212
27.7582 213
27.7923 214
27.8226 215
27.8534 216
27.8841 217
27.913 218
27.9476 219
27.9798 220
28.0125 221
28.0451 222
28.0793 223
28.1134 224
28.148 225
28.1792 226
28.2182 227
28.2542 228
28.2883 229
28.3282 230
28.3657 231
28.3989 232
28.4431 233
28.483 234
28.5109 235
28.5642 236
28.596 237
28.6488 238
28.6815 239
28.7368 240
28.7675 241
28.8257 242
28.8762 243
28.9132 244
28.9718 245
29.0252 246
29.0603 247
29.1194 248
29.179 249
29.239 250
29.2991 251
29.3592 252
29.4198 253
29.4808 254
29.5419 255
29.6029 256
29.6644 257
29.7264 258
29.7884 259
29.8543 260
29.9384 261
30.0273 262
30.1215 263
30.2224 264
30.3315 265
30.4493 266
30.5796 267
30.7247 268
30.8915 269
31.0881 270
31.227 269
31.2272 268.39
31.2275 268.085
31.2277 267.78
31.2279 267.474
31.2282 267.169
31.2284 266.865
31.2287 266.559
31.2289 266.254
31.2291 265.949
31.2294 264
31.2296 263
31.2299 262
31.2301 261
31.2303 260
31.2306 259
31.2308 258
31.2311 257
31.2313 256
31.2315 255.367
31.2318 255.061
31.232 254
31.2323 253
31.2325 252
31.2327 251
31.233 250
31.2332 249
31.2335 248
31.2337 247
31.2339 246
31.2342 245
31.2344 244.173
31.2347 243
31.2349 242
31.2351 241
31.2354 240
31.2356 239
31.2359 238
31.2361 237
31.2364 236
31.2366 235
31.2368 234
31.2371 233.286
31.2373 232
31.2376 231
31.2378 230
31.238 229
31.2383 228
31.2385 227
31.2388 226
31.239 225
31.2392 224
31.2395 223
31.2397 222.398
31.24 221
31.2402 220
31.2404 219
31.2407 218
31.2409 217
31.2412 216
31.2414 215
31.2416 214
31.2419 213
31.2421 212
31.2424 211.51
31.2426 210
31.2428 209
31.2431 208
31.2433 207
31.2436 206
31.2438 205
31.244 204
31.2443 203
31.2445 202
31.2448 201
31.245 200
31.2452 199
31.2455 198
31.2457 197
31.246 196
31.2462 195
31.2464 194
31.2467 193
31.2469 192
31.2472 191
31.2474 190.041
31.2476 189
31.2916 190
31.2921 191
31.3306 192
31.3709 193
31.4123 194
31.4541 195
31.4969 196
31.5401 197
31.5848 198
31.63 199
31.6761 200
31.7237 201
31.7723 202
31.8218 203
31.8727 204
31.9251 205
31.9785 206
32.0337 207
32.0904 208
32.1491 209
32.2096 210
32.2716 211
32.3365 212
32.4038 213
32.4735 214
32.5461 215
32.6225 216
32.7023 217
32.7864 218
32.8749 219
32.9695 220
33.0705 221
33.1791 222
33.2973 223
33.4271 224
33.5727 225
33.739 226
33.9361 227
34.1836 228
34.5364 229
37.2506 230
37.6034 231
37.8509 232
38.048 233
38.2143 234
38.3594 235
38.4493 236
38.6079 237
38.7165 238
38.8175 239
38.9117 240
39.0006 241
39.0847 242
39.1645 243
39.2404 244
39.3135 245
39.3832 246
39.4505 247
39.5149 248
39.5774 249
39.6379 250
39.6966 251
39.7533 252
39.8081 253
39.8619 254
39.9143 255
39.9653 256
40.0148 257
40.0633 258
40.1104 259
40.157 260
40.2022 261
40.2469 262
40.2902 263
40.3329 264
40.3748 265
40.4161 266
40.4565 267
40.4959 268
40.5348 269
40.5733 270
40.6112 271
40.6482 272
40.6768 271
40.6771 270.387
40.6773 270.081
40.6776 269.774
40.6778 269.468
40.678 269.161
40.6783 268.854
40.6785 268.548
40.6788 268.241
40.679 267.934
40.6792 266
40.6795 265
40.6797 264
40.68 263
40.6802 262
40.6804 261
40.6807 260
40.6809 259
40.6812 258
40.6814 257.393
40.6816 257.086
40.6819 256
40.6821 255
40.6824 254
40.6826 253
40.6828 252
40.6831 251
40.6833 250
40.6836 249
40.6838 248
40.6841 247
40.6843 246.238
40.6845 245
40.6848 244
40.685 243
40.6853 242
40.6855 241
40.6857 240
40.686 239
40.6862 238
40.6865 237
40.6867 236
40.6869 235.39
40.6872 234
40.6874 233
40.6877 232
40.6879 231
40.6881 230
40.6884 229
40.6886 228
40.6889 227
40.6891 226
40.6893 225
40.6896 224
40.6898 223
40.6901 222
40.6903 221
40.6905 220
40.6908 219
40.691 218
40.6913 217
40.6915 216
40.6917 215
40.692 214
40.6922 213
40.6925 212
40.6927 211
40.6929 210
40.6932 209
40.6934 208
40.6937 207
40.6939 206
40.6941 205
40.6944 204
40.6946 203.151
40.6949 202
40.6951 201
40.6953 200
40.6956 199
40.6958 198
40.6961 197
40.6963 196
40.6965 195
40.6968 194
40.697 193
40.6973 192.303
40.6975 191
40.6977 190
40.7139 189
40.7417 190
40.7593 191
40.7597 192
40.7924 193
40.8169 194
40.841 195
40.8669 196
40.8924 197
40.9179 198
40.9438 199
40.9698 200
40.9957 201
41.0227 202
41.0491 203
41.076 204
41.1034 205
41.1294 206
41.1587 207
41.187 208
41.2154 209
41.2442 210
41.2731 211
41.3024 212
41.3303 213
41.3625 214
41.3928 215
41.4235 216
41.4543 217
41.4855 218
41.5177 219
41.5499 220
41.5826 221
41.6158 222
41.6441 223
41.6835 224
41.7181 225
41.7518 226
41.7883 227
41.8244 228
41.8609 229
41.8883 230
41.9359 231
41.9714 232
42.0133 233
42.0532 234
42.0834 235
42.1344 236
42.1685 237
42.219 238
42.2541 239
42.3069 240
42.3401 241
42.3983 242
42.4463 243
42.4857 244
42.5444 245
42.5737 246
42.6328 247
42.6924 248
42.752 249
42.8116 250
42.8717 251
42.902 252
42.9625 253
43.0236 254
43.0846 255
43.1456 256
43.2072 257
43.2692 258
43.3446 259
43.4244 260
43.5085 261
43.5974 262
43.6917 263
43.7926 264
43.9017 265
44.0195 266
44.1497 267
44.2949 268
44.4616 269
44.6582 270
44.9058 271
44.9714 270
44.9716 269.385
44.9718 269.077
44.9721 268.769
44.9723 268.462
44.9726 268.154
44.9728 267.847
44.973 267.539
44.9733 267.231
44.9735 266.923
44.9738 265
44.974 264
44.9742 263
44.9745 262
44.9747 261
44.975 260
44.9752 259
44.9754 258
44.9757 257
44.9759 256.343
44.9762 256.035
44.9764 255
44.9766 254
44.9769 253
44.9771 252
44.9774 251
44.9776 250
44.9778 249
44.9781 248
44.9783 247
44.9786 246
44.9788 245.147
44.979 244
44.9793 243
44.9795 242
44.9798 241
44.98 240
44.9803 239
44.9805 238
44.9807 237
44.981 236
44.9812 235
44.9815 234.259
44.9817 233
44.9819 232
44.9822 231
44.9824 230
44.9827 229
44.9829 228
44.9831 227
44.9834 226
44.9836 225
44.9839 224
44.9841 223.372
44.9843 222
44.9846 221
44.9848 220
44.9851 219
44.9853 218
44.9855 217
44.9858 216
44.986 215
44.9863 214
44.9865 213
44.9867 212.483
44.987 211
44.9872 210
44.9875 209
44.9877 208
44.9879 207
44.9882 206
44.9884 205
44.9887 204
44.9889 203
44.9891 202
44.9894 201
44.9896 200
44.9899 199
44.9901 198
44.9903 197
44.9906 196
44.9908 195
44.9911 194
44.9913 193
44.9915 192
44.9918 191.015
44.992 190
44.9923 189
45.0362 190
45.0367 191
45.0737 192
45.1136 193
45.154 194
45.1949 195
45.2372 196
45.2794 197
45.3232 198
45.3674 199
45.4131 200
45.4592 201
45.5068 202
45.5553 203
45.6048 204
45.6558 205
45.7077 206
45.7615 207
45.8168 208
45.8735 209
45.9322 210
45.9922 211
46.0547 212
46.1196 213
46.1869 214
46.2566 215
46.3292 216
46.4056 217
46.4854 218
46.569 219
46.6579 220
46.7526 221
46.8535 222
46.9622 223
47.0804 224
47.2102 225
47.3558 226
47.5221 227
47.7192 228
47.9662 229
48.319 230
51.0337 231
51.3865 232
51.634 233
51.8311 234
51.9762 235
52.1425 236
52.2728 237
52.391 238
52.4996 239
52.6006 240
52.6948 241
52.7837 242
52.8678 243
52.9476 244
53.0235 245
53.0966 246
53.1663 247
53.2336 248
53.298 249
53.3604 250
53.421 251
53.4792 252
53.5364 253
53.5912 254
53.645 255
53.6974 256
53.7478 257
53.7978 258
53.8464 259
53.8935 260
53.9401 261
53.9853 262
54.0295 263
54.0732 264
54.116 265
54.1578 266
54.1992 267
54.2395 268
54.279 269
54.3179 270
54.3563 271
54.3943 272
54.4219 271
54.4222 270.387
54.4224 270.081
54.4227 269.774
54.4229 269.468
54.4231 269.161
54.4234 268.854
54.4236 268.548
54.4239 268.241
54.4241 267.934
54.4243 266
54.4246 265
54.4248 264
54.4251 263
54.4253 262
54.4255 261
54.4258 260
54.426 259
54.4263 258
54.4265 257.393
54.4267 257.086
54.427 256
54.4272 255
54.4275 254
54.4277 253
54.428 252
54.4282 251
54.4284 250
54.4287 249
54.4289 248
54.4292 247
54.4294 246.238
54.4296 245
54.4299 244
54.4301 243
54.4304 242
54.4306 241
54.4308 240
54.4311 239
54.4313 238
54.4316 237
54.4318 236
54.432 235.39
54.4323 234
54.4325 233
54.4328 232
54.433 231
54.4332 230
54.4335 229
54.4337 228
54.434 227
54.4342 226
54.4344 225
54.4347 224
54.4349 223
54.4352 222
54.4354 221
54.4356 220
54.4359 219
54.4361 218
54.4364 217
54.4366 216
54.4368 215
54.4371 214
54.4373 213
54.4376 212
54.4378 211
54.438 210
54.4383 209
54.4385 208
54.4388 207
54.439 206
54.4392 205
54.4395 204
54.4397 203.151
54.44 202
54.4402 201
54.4404 200
54.4407 199
54.4409 198
54.4412 197
54.4414 196
54.4416 195
54.4419 194
54.4421 193
54.4424 192.303
54.4426 191
54.4429 190
54.4599 189
54.4868 190
54.5053 191
54.5058 192
54.514 193
54.5385 194
54.563 195
54.588 196
54.613 197
54.6385 198
54.6639 199
54.7086 200
54.7418 201
54.7687 202
54.7952 203
54.8221 204
54.8495 205
54.8773 206
54.9038 207
54.9331 208
54.9615 209
54.9903 210
55.0191 211
55.0485 212
55.0783 213
55.1057 214
55.1388 215
55.1696 216
55.2003 217
55.2321 218
55.2614 219
55.296 220
55.3287 221
55.3618 222
55.394 223
55.4296 224
55.4642 225
55.4988 226
55.5286 227
55.5704 228
55.607 229
55.6382 230
55.6819 231
55.7204 232
55.7492 233
55.7992 234
55.8333 235
55.8804 236
55.9184 237
55.965 238
56.004 239
56.053 240
56.09 241
56.1448 242
56.177 243
56.2356 244
56.2904 245
56.3236 246
56.3827 247
56.4423 248
56.5019 249
56.5591 250
56.5918 251
56.6519 252
56.7124 253
56.7735 254
56.8345 255
56.8956 256
56.9571 257
57.0191 258
57.0907 259
57.1705 260
57.2546 261
57.3435 262
57.4377 263
57.5387 264
57.6478 265
57.7655 266
57.8958 267
58.0409 268
58.2077 269
58.4043 270
58.6518 271
58.7174 270
58.7177 269.385
58.7179 269.077
58.7181 268.769
58.7184 268.462
58.7186 268.154
58.7189 267.847
58.7191 267.539
58.7193 267.231
58.7196 266.923
58.7198 265
58.7201 264
58.7203 263
58.7205 262
58.7208 261
58.721 260
58.7213 259
58.7215 258
58.7217 257
58.722 256.343
58.7222 256.035
58.7225 255
58.7227 254
58.723 253
58.7232 252
58.7234 251
58.7237 250
58.7239 249
58.7242 248
58.7244 247
58.7246 246
58.7249 245.147
58.7251 244
58.7254 243
58.7256 242
58.7258 241
58.7261 240
58.7263 239
58.7266 238
58.7268 237
58.727 236
58.7273 235
58.7275 234.259
58.7278 233
58.728 232
58.7282 231
58.7285 230
58.7287 229
58.729 228
58.7292 227
58.7294 226
58.7297 225
58.7299 224
58.7302 223.372
58.7304 222
58.7306 221
58.7309 220
58.7311 219
58.7314 218
58.7316 217
58.7318 216
58.7321 215
58.7323 214
58.7326 213
58.7328 212.483
58.733 211
58.7333 210
58.7335 209
58.7338 208
58.734 207
58.7342 206
58.7345 205
58.7347 204
58.735 203
58.7352 202
58.7354 201
58.7357 200
58.7359 199
58.7362 198
58.7364 197
58.7366 196
58.7369 195
58.7371 194
58.7374 193
58.7376 192
58.7379 191.015
58.7381 190
58.7383 189
58.7823 190
58.7828 191
58.8198 192
58.8597 193
58.9001 194
58.9409 195
58.9832 196
59.0255 197
59.0692 198
59.1135 199
59.1591 200
59.2053 201
59.2529 202
59.3014 203
59.3509 204
59.4019 205
59.4538 206
59.5076 207
59.5629 208
59.6196 209
59.6782 210
59.7383 211
59.8008 212
59.8657 213
59.933 214
60.0027 215
60.0752 216
60.1517 217
60.2314 218
60.3151 219
60.404 220
60.4987 221
60.5996 222
60.7082 223
60.8265 224
60.9562 225
61.1019 226
61.2682 227
61.4652 228
61.7123 229
62.0651 230
64.7797 231
65.1325 232
65.3801 233
65.5771 234
65.7261 235
65.8886 236
66.0188 237
66.1371 238
66.2457 239
66.3466 240
66.4408 241
66.5297 242
66.6139 243
66.6936 244
66.7696 245
66.8426 246
66.9123 247
66.9796 248
67.044 249
67.1065 250
67.1671 251
67.2252 252
67.2824 253
67.3372 254
67.3911 255
67.4434 256
67.4939 257
67.5439 258
67.5924 259
67.6395 260
67.6862 261
67.7313 262
67.7756 263
67.8193 264
67.8621 265
67.9039 266
67.9452 267
67.9856 268
68.025 269
68.0639 270
68.1024 271
68.1404 272
68.168 271
68.1682 270.387
68.1685 270.081
68.1687 269.774
68.169 269.468
68.1692 269.161
68.1694 268.854
68.1697 268.548
68.1699 268.241
68.1702 267.934
68.1704 266
68.1707 265
68.1709 264
68.1711 263
68.1714 262
68.1716 261
68.1719 260
68.1721 259
68.1723 258
68.1726 257.393
68.1728 257.086
68.1731 256
68.1733 255
68.1735 254
68.1738 253
68.174 252
68.1743 251
68.1745 250
68.1747 249
68.175 248
68.1752 247
68.1755 246.238
68.1757 245
68.1759 244
68.1762 243
68.1764 242
68.1767 241
68.1769 240
68.1771 239
68.1774 238
68.1776 237
68.1779 236
68.1781 235.39
68.1783 234
68.1786 233
68.1788 232
68.1791 231
68.1793 230
68.1795 229
68.1798 228
68.18 227
68.1803 226
68.1805 225
68.1807 224
68.181 223
68.1812 222
68.1815 221
68.1817 220
68.1819 219
68.1822 218
68.1824 217
68.1827 216
68.1829 215
68.1831 214
68.1834 213
68.1836 212
68.1839 211
68.1841 210
68.1843 209
68.1846 208
68.1848 207
68.1851 206
68.1853 205
68.1856 204
68.1858 203.151
68.186 202
68.1863 201
68.1865 200
68.1868 199
68.187 198
68.1872 197
68.1875 196
68.1877 195
68.188 194
68.1882 193
68.1884 192.303
68.1887 191
68.1889 190
68.206 189
68.2329 190
68.2514 191
68.2519 192
68.26 193
68.2846 194
68.3091 195
68.3341 196
68.3591 197
68.3845 198
68.411 199
68.4586 200
68.4879 201
68.5148 202
68.5412 203
68.5681 204
68.5955 205
68.6234 206
68.6508 207
68.6787 208
68.7075 209
68.7364 210
68.7652 211
68.7945 212
68.8243 213
68.8546 214
68.8815 215
68.9156 216
68.9464 217
68.9781 218
69.0098 219
69.0382 220
69.0747 221
69.1079 222
69.1415 223
69.1713 224
69.2103 225
69.2449 226
69.2795 227
69.3165 228
69.353 229
69.3891 230
69.428 231
69.4665 232
69.5001 233
69.5453 234
69.5842 235
69.6265 236
69.6683 237
69.6976 238
69.7548 239
69.7837 240
69.8414 241
69.8909 242
69.9283 243
69.9865 244
70.0158 245
70.0749 246
70.1341 247
70.1932 248
70.223 249
70.2831 250
70.3431 251
70.4032 252
70.4638 253
70.5248 254
70.5859 255
70.6469 256
70.7084 257
70.7704 258
70.8368 259
70.9165 260
71.0007 261
71.0896 262
71.1838 263
71.2847 264
71.3938 265
71.5116 266
71.6418 267
71.787 268
71.9538 269
72.1503 270
72.2556 269
72.2559 268.39
72.2561 268.085
72.2563 267.78
72.2566 267.474
72.2568 267.169
72.2571 266.865
72.2573 266.559
72.2575 266.254
72.2578 265.949
72.258 264
72.2583 263
72.2585 262
72.2587 261
72.259 260
72.2592 259
72.2595 258
72.2597 257
72.2599 256
72.2602 255.367
72.2604 255.061
72.2607 254
72.2609 253
72.2611 252
72.2614 251
72.2616 250
72.2619 249
72.2621 248
72.2623 247
72.2626 246
72.2628 245
72.2631 244.173
72.2633 243
72.2635 242
72.2638 241
72.264 240
72.2643 239
72.2645 238
72.2647 237
72.265 236
72.2652 235
72.2655 234
72.2657 233.286
72.2659 232
72.2662 231
72.2664 230
72.2667 229
72.2669 228
72.2671 227
72.2674 226
72.2676 225
72.2679 224
72.2681 223
72.2683 222.398
72.2686 221
72.2688 220
72.2691 219
72.2693 218
72.2695 217
72.2698 216
72.27 215
72.2703 214
72.2705 213
72.2707 212
72.271 211.51
72.2712 210
72.2715 209
72.2717 208
72.272 207
72.2722 206
72.2724 205
72.2727 204
72.2729 203
72.2732 202
72.2734 201
72.2736 200
72.2739 199
72.2741 198
72.2744 197
72.2746 196
72.2748 195
72.2751 194
72.2753 193
72.2756 192
72.2758 191
72.276 190.041
72.2763 189
72.3203 190
72.3207 191
72.3592 192
72.3996 193
72.4409 194
72.4827 195
72.5255 196
72.5687 197
72.6134 198
72.6586 199
72.7048 200
72.7523 201
72.8009 202
72.8504 203
72.9013 204
72.9537 205
73.0071 206
73.0624 207
73.1191 208
73.1777 209
73.2383 210
73.3003 211
73.3652 212
73.4325 213
73.5021 214
73.5747 215
73.6511 216
73.7309 217
73.815 218
73.9035 219
73.9982 220
74.0991 221
74.2077 222
74.326 223
74.4557 224
74.6014 225
74.7677 226
74.9647 227
75.2123 228
75.5651 229
78.2792 230
78.632 231
78.8795 232
79.0766 233
79.2429 234
79.3881 235
79.4933 236
79.6366 237
79.7452 238
79.8461 239
79.9403 240
80.0292 241
80.1134 242
80.1931 243
80.2691 244
80.3421 245
80.4118 246
80.4791 247
80.5435 248
80.606 249
80.6666 250
80.7252 251
80.7819 252
80.8367 253
80.8905 254
80.9429 255
80.9939 256
81.0434 257
81.0919 258
81.139 259
81.1857 260
81.2308 261
81.2755 262
81.3188 263
81.3616 264
81.4034 265
81.4447 266
81.4851 267
81.5245 268
81.5634 269
81.6019 270
81.6399 271
81.6865 272
81.7055 271
81.7057 270.387
81.706 270.081
81.7062 269.774
81.7064 269.468
81.7067 269.161
81.7069 268.854
81.7072 268.548
81.7074 268.241
81.7076 267.934
81.7079 266
81.7081 265
81.7084 264
81.7086 263
81.7088 262
81.7091 261
81.7093 260
81.7096 259
81.7098 258
81.71 257.393
81.7103 257.086
81.7105 256
81.7108 255
81.711 254
81.7112 253
81.7115 252
81.7117 251
81.712 250
81.7122 249
81.7124 248
81.7127 247
81.7129 246.238
81.7132 245
81.7134 244
81.7136 243
81.7139 242
81.7141 241
81.7144 240
81.7146 239
81.7148 238
81.7151 237
81.7153 236
81.7156 235.39
81.7158 234
81.716 233
81.7163 232
81.7165 231
81.7168 230
81.717 229
81.7172 228
81.7175 227
81.7177 226
81.718 225
81.7182 224
81.7185 223
81.7187 222
81.7189 221
81.7192 220
81.7194 219
81.7197 218
81.7199 217
81.7201 216
81.7204 215
81.7206 214
81.7209 213
81.7211 212
81.7213 211
81.7216 210
81.7218 209
81.7221 208
81.7223 207
81.7225 206
81.7228 205
81.723 204
81.7233 203.151
81.7235 202
81.7237 201
81.724 200
81.7242 199
81.7245 198
81.7247 197
81.7249 196
81.7252 195
81.7254 194
81.7257 193
81.7259 192.303
81.7261 191
81.7264 190
81.7521 189
81.7704 190
81.7975 191
81.8018 192
81.8307 193
81.8552 194
81.8802 195
81.9052 196
81.9307 197
81.9561 198
81.9821 199
82.008 200
82.034 201
82.0609 202
82.0859 203
82.1143 204
82.1417 205
82.1695 206
82.1969 207
82.2253 208
82.2536 209
82.2825 210
82.3094 211
82.3406 212
82.3704 213
82.4007 214
82.431 215
82.4618 216
82.4887 217
82.5242 218
82.556 219
82.5882 220
82.6199 221
82.654 222
82.6877 223
82.7218 224
82.7535 225
82.791 226
82.8266 227
82.8621 228
82.8991 229
82.9366 230
82.9722 231
83.0126 232
83.0515 233
83.0837 234
83.1318 235
83.1683 236
83.2144 237
83.2539 238
83.301 239
83.3399 240
83.3908 241
83.4264 242
83.4846 243
83.5139 244
83.5725 245
83.6316 246
83.6855 247
83.7206 248
83.7802 249
83.8398 250
83.8998 251
83.9604 252
84.021 253
84.0815 254
84.1426 255
84.2041 256
84.2656 257
84.3271 258
84.3891 259
84.4627 260
84.5468 261
84.6357 262
84.7299 263
84.8308 264
84.9399 265
85.0577 266
85.1879 267
85.3331 268
85.4999 269
85.6965 270
85.944 271
86.0096 270
86.0098 269.385
86.0101 269.077
86.0103 268.769
86.0106 268.462
86.0108 268.154
86.011 267.847
86.0113 267.539
86.0115 267.231
86.0118 266.923
86.012 265
86.0122 264
86.0125 263
86.0127 262
86.013 261
86.0132 260
86.0134 259
86.0137 258
86.0139 257
86.0142 256.343
86.0144 256.035
86.0147 255
86.0149 254
86.0151 253
86.0154 252
86.0156 251
86.0159 250
86.0161 249
86.0163 248
86.0166 247
86.0168 246
86.0171 245.147
86.0173 244
86.0175 243
86.0178 242
86.018 241
86.0183 240
86.0185 239
86.0187 238
86.019 237
86.0192 236
86.0195 235
86.0197 234.259
86.0199 233
86.0202 232
86.0204 231
86.0207 230
86.0209 229
86.0211 228
86.0214 227
86.0216 226
86.0219 225
86.0221 224
86.0223 223.372
86.0226 222
86.0228 221
86.0231 220
86.0233 219
86.0235 218
86.0238 217
86.024 216
86.0243 215
86.0245 214
86.0247 213
86.025 212.483
86.0252 211
86.0255 210
86.0257 209
86.0259 208
86.0262 207
86.0264 206
86.0267 205
86.0269 204
86.0271 203
86.0274 202
86.0276 201
86.0279 200
86.0281 199
86.0283 198
86.0286 197
86.0288 196
86.0291 195
86.0293 194
86.0296 193
86.0298 192
86.03 191.015
86.0303 190
86.0305 189
86.0745 190
86.075 191
86.112 192
86.1519 193
86.1922 194
86.2331 195
86.2754 196
86.3177 197
86.3614 198
86.4056 199
86.4513 200
86.4975 201
86.545 202
86.5936 203
86.6431 204
86.694 205
86.7459 206
86.7998 207
86.855 208
86.9118 209
86.9704 210
87.0305 211
87.093 212
87.1579 213
87.2251 214
87.2948 215
87.3674 216
87.4438 217
87.5236 218
87.6072 219
87.6962 220
87.7909 221
87.8918 222
88.0004 223
88.1187 224
88.2484 225
88.3941 226
88.5604 227
88.7574 228
89.0045 229
89.3573 230
92.0719 231
92.4247 232
92.6722 233
92.8693 234
93.0346 235
93.1808 236
93.311 237
93.4292 238
93.5379 239
93.6388 240
93.733 241
93.8219 242
93.906 243
93.9858 244
94.0618 245
94.1348 246
94.2045 247
94.2718 248
94.3362 249
94.3987 250
94.4593 251
94.5174 252
94.5746 253
94.6294 254
94.6832 255
94.7356 256
94.7861 257
94.8361 258
94.8846 259
94.9317 260
94.9783 261
95.0235 262
95.0677 263
95.1115 264
95.1543 265
95.1961 266
95.2374 267
95.2778 268
95.3172 269
95.3561 270
95.3946 271
95.4325 272
95.4602 271
95.4604 270.387
95.4607 270.081
95.4609 269.774
95.4611 269.468
95.4614 269.161
95.4616 268.854
95.4619 268.548
95.4621 268.241
95.4624 267.934
95.4626 266
95.4628 265
95.4631 264
95.4633 263
95.4636 262
95.4638 261
95.464 260
95.4643 259
95.4645 258
95.4648 257.393
95.465 257.086
95.4652 256
95.4655 255
95.4657 254
95.466 253
95.4662 252
95.4664 251
95.4667 250
95.4669 249
95.4672 248
95.4674 247
95.4676 246.238
95.4679 245
95.4681 244
95.4684 243
95.4686 242
95.4688 241
95.4691 240
95.4693 239
95.4696 238
95.4698 237
95.47 236
95.4703 235.39
95.4705 234
95.4708 233
95.471 232
95.4712 231
95.4715 230
95.4717 229
95.472 228
95.4722 227
95.4724 226
95.4727 225
95.4729 224
95.4732 223
95.4734 222
95.4736 221
95.4739 220
95.4741 219
95.4744 218
95.4746 217
95.4748 216
95.4751 215
95.4753 214
95.4756 213
95.4758 212
95.476 211
95.4763 210
95.4765 209
95.4768 208
95.477 207
95.4773 206
95.4775 205
95.4777 204
95.478 203.151
95.4782 202
95.4785 201
95.4787 200
95.4789 199
95.4792 198
95.4794 197
95.4797 196
95.4799 195
95.4801 194
95.4804 193
95.4806 192.303
95.4809 191
95.4811 190
95.4982 189
95.5251 190
95.5436 191
95.5441 192
95.5522 193
95.5767 194
95.6013 195
95.6262 196
95.6512 197
95.6767 198
95.719 199
95.7541 200
95.7801 201
95.807 202
95.8334 203
95.8603 204
95.8877 205
95.9132 206
95.943 207
95.9713 208
95.9997 209
96.0285 210
96.0574 211
96.0867 212
96.1141 213
96.1468 214
96.1771 215
96.2078 216
96.2386 217
96.2693 218
96.302 219
96.3342 220
96.3669 221
96.4001 222
96.428 223
96.4678 224
96.5025 225
96.5356 226
96.5726 227
96.6087 228
96.6447 229
96.6827 230
96.7202 231
96.7553 232
96.7976 233
96.8375 234
96.8673 235
96.9187 236
96.9519 237
97.0033 238
97.0374 239
97.0912 240
97.1239 241
97.1816 242
97.2306 243
97.2691 244
97.3277 245
97.3796 246
97.4162 247
97.4758 248
97.5353 249
97.5949 250
97.655 251
97.7156 252
97.7762 253
97.8367 254
97.8978 255
97.9593 256
98.0208 257
98.0823 258
98.1443 259
98.2087 260
98.2928 261
98.3818 262
98.476 263
98.5769 264
98.686 265
98.8038 266
98.934 267
99.0792 268
99.2459 269
99.4425 270
99.6901 271
99.7557 270
99.7559 269.385
99.7561 269.077
99.7564 268.769
99.7566 268.462
99.7569 268.154
99.7571 267.847
99.7573 267.539
99.7576 267.231
99.7578 266.923
99.7581 265
99.7583 264
99.7586 263
99.7588 262
99.759 261
99.7593 260
99.7595 259
99.7598 258
99.76 257
99.7602 256.343
99.7605 256.035
99.7607 255
99.761 254
99.7612 253
99.7614 252
99.7617 251
99.7619 250
99.7622 249
99.7624 248
99.7626 247
99.7629 246
99.7631 245.147
99.7634 244
99.7636 243
99.7638 242
99.7641 241
99.7643 240
99.7646 239
99.7648 238
99.765 237
99.7653 236
99.7655 235
99.7658 234.259
99.766 233
99.7662 232
99.7665 231
99.7667 230
99.767 229
99.7672 228
99.7674 227
99.7677 226
99.7679 225
99.7682 224
99.7684 223.372
99.7686 222
99.7689 221
99.7691 220
99.7694 219
99.7696 218
99.7698 217
99.7701 216
99.7703 215
99.7706 214
99.7708 213
99.771 212.483
99.7713 211
99.7715 210
99.7718 209
99.772 208
99.7722 207
99.7725 206
99.7727 205
99.773 204
99.7732 203
99.7735 202
99.7737 201
99.7739 200
99.7742 199
99.7744 198
99.7747 197
99.7749 196
99.7751 195
99.7754 194
99.7756 193
99.7759 192
99.7761 191.015
99.7763 190
99.7766 189
99.8206 190
99.821 191
99.858 192
99.8979 193
99.9383 194
99.9792 195
100.021 196
100.064 197
100.107 198
100.152 199
100.197 200
100.244 201
100.291 202
100.34 203
100.389 204
100.44 205
100.492 206
100.546 207
100.601 208
100.658 209
100.716 210
100.777 211
100.839 212
100.904 213
100.971 214
101.041 215
101.113 216
101.19 217
101.27 218
101.353 219
101.442 220
101.537 221
101.638 222
101.746 223
101.865 224
101.994 225
102.14 226
102.306 227
102.503 228
102.751 229
103.103 230
105.818 231
106.171 232
106.418 233
106.615 234
106.782 235
106.87 236
107.057 237
107.175 238
107.284 239
107.385 240
107.479 241
107.568 242
107.652 243
107.732 244
107.808 245
107.881 246
107.951 247
108.018 248
108.082 249
108.145 250
108.205 251
108.263 252
108.321 253
108.375 254
108.429 255
108.482 256
108.532 257
108.582 258
108.631 259
108.678 260
108.724 261
108.77 262
108.814 263
108.858 264
108.9 265
108.942 266
108.983 267
109.024 268
109.063 269
109.102 270
109.141 271
109.179 272
109.206 271
109.206 270.387
109.207 270.081
109.207 269.774
109.207 269.468
109.207 269.161
109.208 268.854
109.208 268.548
109.208 268.241
109.208 267.934
109.209 266
109.209 265
109.209 264
109.209 263
109.21 262
109.21 261
109.21 260
109.21 259
109.211 258
109.211 257.393
109.211 257.086
109.211 256
109.212 255
109.212 254
109.212 253
109.212 252
109.212 251
109.213 250
109.213 249
109.213 248
109.213 247
109.214 246.238
109.214 245
109.214 244
109.214 243
109.215 242
109.215 241
109.215 240
109.215 239
109.216 238
109.216 237
109.216 236
109.216 235.39
109.217 234
109.217 233
109.217 232
109.217 231
109.218 230
109.218 229
109.218 228
109.218 227
109.219 226
109.219 225
109.219 224
109.219 223
109.219 222
109.22 221
109.22 220
109.22 219
109.22 218
109.221 217
109.221 216
109.221 215
109.221 214
109.222 213
109.222 212
109.222 211
109.222 210
109.223 209
109.223 208
109.223 207
109.223 206
109.224 205
109.224 204
109.224 203.151
109.224 202
109.225 201
109.225 200
109.225 199
109.225 198
109.225 197
109.226 196
109.226 195
109.226 194
109.226 193
109.227 192.303
109.227 191
109.227 190
109.244 189
109.271 190
109.29 191
109.29 192
109.298 193
109.323 194
109.347 195
109.372 196
109.403 197
109.448 198
109.474 199
109.498 200
109.526 201
109.553 202
109.579 203
109.606 204
109.634 205
109.662 206
109.689 207
109.717 208
109.743 209
109.775 210
109.803 211
109.833 212
109.863 213
109.893 214
109.921 215
109.954 216
109.985 217
110.016 218
110.048 219
110.078 220
110.113 221
110.146 222
110.18 223
110.211 224
110.249 225
110.283 226
110.319 227
110.347 228
110.391 229
110.429 230
110.457 231
110.505 232
110.54 233
110.584 234
110.624 235
110.652 236
110.707 237
110.738 238
110.793 239
110.824 240
110.882 241
110.929 242
110.969 243
111.025 244
111.056 245
111.115 246
111.174 247
111.231 248
111.263 249
111.323 250
111.383 251
111.443 252
111.504 253
111.565 254
111.626 255
111.687 256
111.749 257
111.811 258
111.875 259
111.955 260
112.039 261
112.128 262
112.222 263
112.323 264
112.432 265
112.55 266
112.68 267
112.825 268
112.992 269
113.189 270
113.284 269
113.284 268.39
113.284 268.085
113.284 267.78
113.285 267.474
113.285 267.169
113.285 266.865
113.285 266.559
113.286 266.254
113.286 265.949
113.286 264
113.286 263
113.287 262
113.287 261
113.287 260
113.287 259
113.288 258
113.288 257
113.288 256
113.288 255.367
113.289 255.061
113.289 254
113.289 253
113.289 252
113.29 251
113.29 250
113.29 249
113.29 248
113.29 247
113.291 246
113.291 245
113.291 244.173
113.291 243
113.292 242
113.292 241
113.292 240
113.292 239
113.293 238
113.293 237
113.293 236
113.293 235
113.294 234
113.294 233.286
113.294 232
113.294 231
113.295 230
113.295 229
113.295 228
113.295 227
113.296 226
113.296 225
113.296 224
113.296 223
113.296 222.398
113.297 221
113.297 220
113.297 219
113.297 218
113.298 217
113.298 216
113.298 215
113.298 214
113.299 213
113.299 212
113.299 211.51
113.299 210
113.3 209
113.3 208
113.3 207
113.3 206
113.301 205
113.301 204
113.301 203
113.301 202
113.302 201
113.302 200
113.302 199
113.302 198
113.303 197
113.303 196
113.303 195
113.303 194
113.303 193
113.304 192
113.304 191
113.304 190.041
113.304 189
113.348 190
113.349 191
113.387 192
113.428 193
113.469 194
113.511 195
113.554 196
113.597 197
113.642 198
113.687 199
113.733 200
113.781 201
113.829 202
113.879 203
113.929 204
113.982 205
114.035 206
114.091 207
114.147 208
114.206 209
114.266 210
114.328 211
114.393 212
114.461 213
114.53 214
114.603 215
114.679 216
114.759 217
114.843 218
114.932 219
115.026 220
115.127 221
115.236 222
115.354 223
115.484 224
115.63 225
115.796 226
115.993 227
116.24 228
116.593 229
119.307 230
119.66 231
119.908 232
120.105 233
120.271 234
120.416 235
120.533 236
120.665 237
120.773 238
120.874 239
120.968 240
121.057 241
121.142 242
121.221 243
121.297 244
121.37 245
121.44 246
121.507 247
121.572 248
121.634 249
121.695 250
121.753 251
121.81 252
121.865 253
121.919 254
121.971 255
122.022 256
122.072 257
122.12 258
122.167 259
122.214 260
122.259 261
122.304 262
122.347 263
122.39 264
122.432 265
122.473 266
122.513 267
122.553 268
122.592 269
122.63 270
122.668 271
122.727 272
122.734 271
122.734 270.387
122.734 270.081
122.734 269.774
122.735 269.468
122.735 269.161
122.735 268.854
122.735 268.548
122.736 268.241
122.736 267.934
122.736 266
122.736 265
122.737 264
122.737 263
122.737 262
122.737 261
122.737 260
122.738 259
122.738 258
122.738 257.393
122.738 257.086
122.739 256
122.739 255
122.739 254
122.739 253
122.74 252
122.74 251
122.74 250
122.74 249
122.741 248
122.741 247
122.741 246.238
122.741 245
122.742 244
122.742 243
122.742 242
122.742 241
122.743 240
122.743 239
122.743 238
122.743 237
122.743 236
122.744 235.39
122.744 234
122.744 233
122.744 232
122.745 231
122.745 230
122.745 229
122.745 228
122.746 227
122.746 226
122.746 225
122.746 224
122.747 223
122.747 222
122.747 221
122.747 220
122.748 219
122.748 218
122.748 217
122.748 216
122.749 215
122.749 214
122.749 213
122.749 212
122.749 211
122.75 210
122.75 209
122.75 208
122.75 207
122.751 206
122.751 205
122.751 204
122.751 203.151
122.752 202
122.752 201
122.752 200
122.752 199
122.753 198
122.753 197
122.753 196
122.753 195
122.754 194
122.754 193
122.754 192.303
122.754 191
122.755 190
122.792 189
122.799 190
122.838 191
122.846 192
122.871 193
122.895 194
122.92 195
122.945 196
122.971 197
122.995 198
123.022 199
123.048 200
123.074 201
123.101 202
123.128 203
123.154 204
123.182 205
123.21 206
123.237 207
123.263 208
123.294 209
123.323 210
123.351 211
123.381 212
123.411 213
123.439 214
123.471 215
123.502 216
123.533 217
123.564 218
123.595 219
123.628 220
123.661 221
123.694 222
123.728 223
123.755 224
123.797 225
123.831 226
123.863 227
123.903 228
123.939 229
123.972 230
124.014 231
124.053 232
124.084 233
124.132 234
124.168 235
124.213 236
124.252 237
124.297 238
124.338 239
124.385 240
124.424 241
124.477 242
124.511 243
124.569 244
124.623 245
124.658 246
124.717 247
124.776 248
124.835 249
124.866 250
124.926 251
124.986 252
125.047 253
125.108 254
125.169 255
125.23 256
125.291 257
125.353 258
125.423 259
125.503 260
125.587 261
125.676 262
125.77 263
125.871 264
125.98 265
126.098 266
126.228 267
126.373 268
126.54 269
126.737 270
126.984 271
127.05 270
127.05 269.385
127.05 269.077
127.05 268.769
127.051 268.462
127.051 268.154
127.051 267.847
127.051 267.539
127.052 267.231
127.052 266.923
127.052 265
127.052 264
127.053 263
127.053 262
127.053 261
127.053 260
127.054 259
127.054 258
127.054 257
127.054 256.343
127.055 256.035
127.055 255
127.055 254
127.055 253
127.056 252
127.056 251
127.056 250
127.056 249
127.057 248
127.057 247
127.057 246
127.057 245.147
127.057 244
127.058 243
127.058 242
127.058 241
127.058 240
127.059 239
127.059 238
127.059 237
127.059 236
127.06 235
127.06 234.259
127.06 233
127.06 232
127.061 231
127.061 230
127.061 229
127.061 228
127.062 227
127.062 226
127.062 225
127.062 224
127.063 223.372
127.063 222
127.063 221
127.063 220
127.063 219
127.064 218
127.064 217
127.064 216
127.064 215
127.065 214
127.065 213
127.065 212.483
127.065 211
127.066 210
127.066 209
127.066 208
127.066 207
127.067 206
127.067 205
127.067 204
127.067 203
127.068 202
127.068 201
127.068 200
127.068 199
127.069 198
127.069 197
127.069 196
127.069 195
127.069 194
127.07 193
127.07 192
127.07 191.015
127.07 190
127.071 189
127.115 190
127.115 191
127.152 192
127.192 193
127.232 194
127.273 195
127.316 196
127.358 197
127.402 198
127.446 199
127.491 200
127.538 201
127.585 202
127.634 203
127.683 204
127.734 205
127.786 206
127.84 207
127.895 208
127.952 209
128.011 210
128.071 211
128.133 212
128.198 213
128.265 214
128.335 215
128.408 216
128.484 217
128.564 218
128.647 219
128.736 220
128.831 221
128.932 222
129.041 223
129.159 224
129.289 225
129.434 226
129.601 227
129.798 228
130.045 229
130.397 230
133.112 231
133.465 232
133.712 233
133.909 234
134.06 235
134.221 236
134.351 237
134.469 238
134.578 239
134.679 240
134.773 241
134.862 242
134.946 243
135.026 244
135.102 245
135.175 246
135.245 247
135.312 248
135.376 249
135.439 250
135.499 251
135.558 252
135.615 253
135.67 254
135.723 255
135.776 256
135.826 257
135.876 258
135.925 259
135.972 260
136.019 261
136.064 262
136.108 263
136.152 264
136.194 265
136.236 266
136.278 267
136.318 268
136.357 269
136.396 270
136.435 271
136.473 272
136.5 271
136.501 270.387
136.501 270.081
136.501 269.774
136.501 269.468
136.502 269.161
136.502 268.854
136.502 268.548
136.502 268.241
136.503 267.934
136.503 266
136.503 265
136.503 264
136.503 263
136.504 262
136.504 261
136.504 260
136.504 259
136.505 258
136.505 257.393
136.505 257.086
136.505 256
136.506 255
136.506 254
136.506 253
136.506 252
136.507 251
136.507 250
136.507 249
136.507 248
136.508 247
136.508 246.238
136.508 245
136.508 244
136.509 243
136.509 242
136.509 241
136.509 240
136.509 239
136.51 238
136.51 237
136.51 236
136.51 235.39
136.511 234
136.511 233
136.511 232
136.511 231
136.512 230
136.512 229
136.512 228
136.512 227
136.513 226
136.513 225
136.513 224
136.513 223
136.514 222
136.514 221
136.514 220
136.514 219
136.515 218
136.515 217
136.515 216
136.515 215
136.515 214
136.516 213
136.516 212
136.516 211
136.516 210
136.517 209
136.517 208
136.517 207
136.517 206
136.518 205
136.518 204
136.518 203.151
136.518 202
136.519 201
136.519 200
136.519 199
136.519 198
136.52 197
136.52 196
136.52 195
136.52 194
136.521 193
136.521 192.303
136.521 191
136.521 190
136.538 189
136.565 190
136.584 191
136.584 192
136.592 193
136.617 194
136.641 195
136.666 196
136.691 197
136.717 198
136.745 199
136.793 200
136.82 201
136.847 202
136.874 203
136.9 204
136.928 205
136.956 206
136.983 207
137.012 208
137.038 209
137.069 210
137.098 211
137.127 212
137.157 213
137.187 214
137.216 215
137.248 216
137.279 217
137.31 218
137.342 219
137.372 220
137.407 221
137.44 222
137.474 223
137.506 224
137.543 225
137.577 226
137.613 227
137.641 228
137.685 229
137.723 230
137.751 231
137.799 232
137.834 233
137.878 234
137.918 235
137.947 236
138.001 237
138.032 238
138.087 239
138.118 240
138.176 241
138.223 242
138.263 243
138.319 244
138.351 245
138.41 246
138.469 247
138.526 248
138.558 249
138.618 250
138.678 251
138.738 252
138.799 253
138.86 254
138.921 255
138.982 256
139.043 257
139.105 258
139.169 259
139.249 260
139.333 261
139.422 262
139.516 263
139.617 264
139.726 265
139.844 266
139.974 267
140.119 268
140.286 269
140.483 270
140.73 271
140.796 270
140.796 269.385
140.796 269.077
140.797 268.769
140.797 268.462
140.797 268.154
140.797 267.847
140.798 267.539
140.798 267.231
140.798 266.923
140.798 265
140.798 264
140.799 263
140.799 262
140.799 261
140.799 260
140.8 259
140.8 258
140.8 257
140.8 256.343
140.801 256.035
140.801 255
140.801 254
140.801 253
140.802 252
140.802 251
140.802 250
140.802 249
140.803 248
140.803 247
140.803 246
140.803 245.147
140.804 244
140.804 243
140.804 242
140.804 241
140.804 240
140.805 239
140.805 238
140.805 237
140.805 236
140.806 235
140.806 234.259
140.806 233
140.806 232
140.807 231
140.807 230
140.807 229
140.807 228
140.808 227
140.808 226
140.808 225
140.808 224
140.809 223.372
140.809 222
140.809 221
140.809 220
140.81 219
140.81 218
140.81 217
140.81 216
140.81 215
140.811 214
140.811 213
140.811 212.483
140.811 211
140.812 210
140.812 209
140.812 208
140.812 207
140.813 206
140.813 205
140.813 204
140.813 203
140.814 202
140.814 201
140.814 200
140.814 199
140.815 198
140.815 197
140.815 196
140.815 195
140.816 194
140.816 193
140.816 192
140.816 191.015
140.817 190
140.817 189
140.861 190
140.861 191
140.898 192
140.938 193
140.978 194
141.019 195
141.062 196
141.104 197
141.148 198
141.192 199
141.238 200
141.284 201
141.331 202
141.38 203
141.429 204
141.48 205
141.532 206
141.586 207
141.641 208
141.698 209
141.757 210
141.817 211
141.879 212
141.944 213
142.011 214
142.081 215
142.154 216
142.23 217
142.31 218
142.393 219
142.482 220
142.577 221
142.678 222
142.787 223
142.905 224
143.035 225
143.18 226
143.347 227
143.544 228
143.791 229
144.143 230
146.858 231
147.211 232
147.458 233
147.656 234
147.812 235
147.967 236
148.097 237
148.215 238
148.324 239
148.425 240
148.519 241
148.608 242
148.692 243
148.772 244
148.848 245
148.921 246
148.991 247
149.058 248
149.122 249
149.185 250
149.245 251
149.304 252
149.361 253
149.416 254
149.469 255
149.522 256
149.572 257
149.622 258
149.671 259
149.718 260
149.765 261
149.81 262
149.854 263
149.898 264
149.94 265
149.982 266
150.024 267
150.064 268
150.103 269
150.142 270
150.181 271
150.219 272
150.246 271
150.247 270.387
150.247 270.081
150.247 269.774
150.247 269.468
150.248 269.161
150.248 268.854
150.248 268.548
150.248 268.241
150.249 267.934
150.249 266
150.249 265
150.249 264
150.25 263
150.25 262
150.25 261
150.25 260
150.251 259
150.251 258
150.251 257.393
150.251 257.086
150.251 256
150.252 255
150.252 254
150.252 253
150.252 252
150.253 251
150.253 250
150.253 249
150.253 248
150.254 247
150.254 246.238
150.254 245
150.254 244
150.255 243
150.255 242
150.255 241
150.255 240
150.256 239
150.256 238
150.256 237
150.256 236
150.257 235.39
150.257 234
150.257 233
150.257 232
150.257 231
150.258 230
150.258 229
150.258 228
150.258 227
150.259 226
150.259 225
150.259 224
150.259 223
150.26 222
150.26 221
150.26 220
150.26 219
150.261 218
150.261 217
150.261 216
150.261 215
150.262 214
150.262 213
150.262 212
150.262 211
150.263 210
150.263 209
150.263 208
150.263 207
150.263 206
150.264 205
150.264 204
150.264 203.151
150.264 202
150.265 201
150.265 200
150.265 199
150.265 198
150.266 197
150.266 196
150.266 195
150.266 194
150.267 193
150.267 192.303
150.267 191
150.267 190
150.284 189
150.31 188
150.311 190
150.355 191
150.355 192
150.363 193
150.388 194
150.412 195
150.437 196
150.462 197
150.488 198
150.523 199
150.565 200
150.591 201
150.618 202
150.643 203
150.672 204
150.699 205
150.727 206
150.754 207
150.783 208
150.811 209
150.84 210
150.866 211
150.898 212
150.928 213
150.958 214
150.988 215
151.019 216
151.045 217
151.082 218
151.113 219
151.145 220
151.177 221
151.211 222
151.245 223
151.279 224
151.31 225
151.348 226
151.384 227
151.419 228
151.456 229
151.494 230
151.529 231
151.57 232
151.609 233
151.641 234
151.689 235
151.725 236
151.772 237
151.811 238
151.858 239
151.897 240
151.948 241
151.983 242
152.041 243
152.09 244
152.129 245
152.188 246
152.243 247
152.277 248
152.336 249
152.397 250
152.457 251
152.517 252
152.577 253
152.638 254
152.699 255
152.76 256
152.822 257
152.884 258
152.946 259
153.02 260
153.104 261
153.193 262
153.287 263
153.388 264
153.497 265
153.615 266
153.745 267
153.89 268
154.057 269
154.254 270
154.501 271
154.567 270
154.567 269.385
154.567 269.077
154.568 268.769
154.568 268.462
154.568 268.154
154.568 267.847
154.569 267.539
154.569 267.231
154.569 266.923
154.569 265
154.57 264
154.57 263
154.57 262
154.57 261
154.57 260
154.571 259
154.571 258
154.571 257
154.571 256.343
154.572 256.035
154.572 255
154.572 254
154.572 253
154.573 252
154.573 251
154.573 250
154.573 249
154.574 248
154.574 247
154.574 246
154.574 245.147
154.575 244
154.575 243
154.575 242
154.575 241
154.576 240
154.576 239
154.576 238
154.576 237
154.577 236
154.577 235
154.577 234.259
154.577 233
154.577 232
154.578 231
154.578 230
154.578 229
154.578 228
154.579 227
154.579 226
154.579 225
154.579 224
154.58 223.372
154.58 222
154.58 221
154.58 220
154.581 219
154.581 218
154.581 217
154.581 216
154.582 215
154.582 214
154.582 213
154.582 212.483
154.583 211
154.583 210
154.583 209
154.583 208
154.583 207
154.584 206
154.584 205
154.584 204
154.584 203
154.585 202
154.585 201
154.585 200
154.585 199
154.586 198
154.586 197
154.586 196
154.586 195
154.587 194
154.587 193
154.587 192
154.587 191.015
154.588 190
154.588 189
154.632 190
154.632 191
154.669 192
154.709 193
154.75 194
154.79 195
154.833 196
154.875 197
154.919 198
154.963 199
155.009 200
155.055 201
155.102 202
155.151 203
155.2 204
155.251 205
155.303 206
155.357 207
155.412 208
155.469 209
155.528 210
155.588 211
155.65 212
155.715 213
155.782 214
155.852 215
155.925 216
156.001 217
156.081 218
156.165 219
156.253 220
156.348 221
156.449 222
156.558 223
156.676 224
156.806 225
156.951 226
157.118 227
157.315 228
157.562 229
157.915 230
160.629 231
160.982 232
161.23 233
161.427 234
161.591 235
161.738 236
161.868 237
161.987 238
162.095 239
162.196 240
162.29 241
162.379 242
162.463 243
162.543 244
162.619 245
162.692 246
162.762 247
162.829 248
162.893 249
162.956 250
163.017 251
163.075 252
163.132 253
163.187 254
163.241 255
163.293 256
163.343 257
163.393 258
163.442 259
163.489 260
163.536 261
163.581 262
163.625 263
163.669 264
163.712 265
163.753 266
163.795 267
163.835 268
163.874 269
163.913 270
163.952 271
163.99 272
164.017 271
164.018 270.387
164.018 270.081
164.018 269.774
164.018 269.468
164.019 269.161
164.019 268.854
164.019 268.548
164.019 268.241
164.02 267.934
164.02 266
164.02 265
164.02 264
164.021 263
164.021 262
164.021 261
164.021 260
164.022 259
164.022 258
164.022 257.393
164.022 257.086
164.023 256
164.023 255
164.023 254
164.023 253
164.023 252
164.024 251
164.024 250
164.024 249
164.024 248
164.025 247
164.025 246.238
164.025 245
164.025 244
164.026 243
164.026 242
164.026 241
164.026 240
164.027 239
164.027 238
164.027 237
164.027 236
164.028 235.39
164.028 234
164.028 233
164.028 232
164.029 231
164.029 230
164.029 229
164.029 228
164.029 227
164.03 226
164.03 225
164.03 224
164.03 223
164.031 222
164.031 221
164.031 220
164.031 219
164.032 218
164.032 217
164.032 216
164.032 215
164.033 214
164.033 213
164.033 212
164.033 211
164.034 210
164.034 209
164.034 208
164.034 207
164.035 206
164.035 205
164.035 204
164.035 203.151
164.035 202
164.036 201
164.036 200
164.036 199
164.036 198
164.037 197
164.037 196
164.037 195
164.037 194
164.038 193
164.038 192.303
164.038 191
164.038 190
164.055 189
164.082 190
164.101 191
164.101 192
164.11 193
164.134 194
164.159 195
164.184 196
164.209 197
164.234 198
164.276 199
164.311 200
164.337 201
164.364 202
164.391 203
164.418 204
164.445 205
164.47 206
164.5 207
164.529 208
164.557 209
164.586 210
164.615 211
164.644 212
164.671 213
164.704 214
164.734 215
164.765 216
164.796 217
164.826 218
164.859 219
164.892 220
164.924 221
164.957 222
164.984 223
165.025 224
165.06 225
165.092 226
165.13 227
165.166 228
165.201 229
165.24 230
165.277 231
165.312 232
165.355 233
165.395 234
165.424 235
165.476 236
165.509 237
165.561 238
165.594 239
165.649 240
165.68 241
165.738 242
165.788 243
165.826 244
165.885 245
165.937 246
165.973 247
166.032 248
166.092 249
166.152 250
166.212 251
166.272 252
166.332 253
166.394 254
166.455 255
166.516 256
166.577 257
166.639 258
166.701 259
166.766 260
166.85 261
166.939 262
167.033 263
167.134 264
167.243 265
167.361 266
167.491 267
167.636 268
167.803 269
168 270
168.247 271
168.313 270
168.313 269.385
168.313 269.077
168.314 268.769
168.314 268.462
168.314 268.154
168.314 267.847
168.315 267.539
168.315 267.231
168.315 266.923
168.315 265
168.316 264
168.316 263
168.316 262
168.316 261
168.317 260
168.317 259
168.317 258
168.317 257
168.318 256.343
168.318 256.035
168.318 255
168.318 254
168.318 253
168.319 252
168.319 251
168.319 250
168.319 249
168.32 248
168.32 247
168.32 246
168.32 245.147
168.321 244
168.321 243
168.321 242
168.321 241
168.322 240
168.322 238
168.322 237
168.322 236
168.323 235
168.323 234
168.323 233.259
168.323 232
168.324 231
168.324 230
168.324 229
168.324 228
168.324 227
168.325 226
168.325 225
168.325 224
168.325 223
168.326 222.372
168.326 221
168.326 220
168.326 219
168.327 218
168.327 217
168.327 216
168.327 215
168.328 214
168.328 213
168.328 212
168.328 211.483
168.329 210
168.329 209
168.329 208
168.329 207
168.33 206
168.33 205
168.33 204
168.33 203
168.331 202
168.331 201
168.331 200
168.331 199
168.331 198
168.332 197
168.332 196
168.332 195
168.332 194
168.333 193
168.333 192
168.333 191
168.333 190.015
168.334 189
168.379 190
168.38 191
168.417 192
168.457 193
168.497 194
168.538 195
168.58 196
168.622 197
168.666 198
168.71 199
168.756 200
168.802 201
168.85 202
168.898 203
168.948 204
168.999 205
169.051 206
169.105 207
169.16 208
169.217 209
169.275 210
169.335 211
169.398 212
169.463 213
169.53 214
169.6 215
169.672 216
169.749 217
169.828 218
169.912 219
170.001 220
170.096 221
170.197 222
170.305 223
170.423 224
170.553 225
170.699 226
170.865 227
171.062 228
171.309 229
171.662 230
174.377 231
174.729 232
174.977 233
175.174 234
175.34 235
175.436 236
175.616 237
175.734 238
175.843 239
175.944 240
176.038 241
176.127 242
176.211 243
176.291 244
176.367 245
176.44 246
176.509 247
176.577 248
176.641 249
176.703 250
176.764 251
176.822 252
176.879 253
176.934 254
176.988 255
177.04 256
177.091 257
177.141 258
177.189 259
177.237 260
177.283 261
177.328 262
177.373 263
177.416 264
177.459 265
177.501 266
177.542 267
177.583 268
177.622 269
177.661 270
177.699 271
177.737 272
177.765 271
177.765 270.387
177.765 270.081
177.766 269.774
177.766 269.468
177.766 269.161
177.766 268.854
177.767 268.548
177.767 268.241
177.767 267.934
177.767 266
177.768 265
177.768 264
177.768 263
177.768 262
177.769 261
177.769 260
177.769 259
177.769 258
177.77 257.393
177.77 257.086
177.77 256
177.77 255
177.771 254
177.771 253
177.771 252
177.771 251
177.771 250
177.772 249
177.772 248
177.772 247
177.772 246.238
177.773 245
177.773 244
177.773 243
177.773 242
177.774 241
177.774 240
177.774 239
177.774 238
177.775 237
177.775 236
177.775 235.39
177.775 234
177.776 233
177.776 232
177.776 231
177.776 230
177.777 229
177.777 228
177.777 227
177.777 226
177.777 225
177.778 224
177.778 223
177.778 222
177.778 221
177.779 220
177.779 219
177.779 218
177.779 217
177.78 216
177.78 215
177.78 214
177.78 213
177.781 212
177.781 211
177.781 210
177.781 209
177.782 208
177.782 207
177.782 206
177.782 205
177.783 204
177.783 203.151
177.783 202
177.783 201
177.783 200
177.784 199
177.784 198
177.784 197
177.784 196
177.785 195
177.785 194
177.785 193
177.785 192.303
177.786 191
177.786 190
177.803 189
177.83 190
177.848 191
177.849 192
177.857 193
177.882 194
177.906 195
177.931 196
177.969 197
178.007 198
178.033 199
178.059 200
178.085 201
178.112 202
178.137 203
178.165 204
178.193 205
178.22 206
178.248 207
178.276 208
178.304 209
178.333 210
178.36 211
178.391 212
178.421 213
178.452 214
178.482 215
178.513 216
178.54 217
178.575 218
178.607 219
178.639 220
178.671 221
178.705 222
178.739 223
178.773 224
178.804 225
178.842 226
178.877 227
178.913 228
178.95 229
178.987 230
179.023 231
179.063 232
179.102 233
179.135 234
179.183 235
179.219 236
179.265 237
179.304 238
179.352 239
179.39 240
179.442 241
179.477 242
179.535 243
179.565 244
179.623 245
179.682 246
179.736 247
179.771 248
179.831 249
179.891 250
179.951 251
180.011 252
180.071 253
180.132 254
180.193 255
180.254 256
180.316 257
180.378 258
180.44 259
180.514 260
180.598 261
180.687 262
180.781 263
180.882 264
180.991 265
181.109 266
181.239 267
181.384 268
181.551 269
181.747 270
181.995 271
182.06 270
182.061 269.385
182.061 269.077
182.061 268.769
182.061 268.462
182.062 268.154
182.062 267.847
182.062 267.539
182.062 267.231
182.063 266.923
182.063 265
182.063 264
182.063 263
182.064 262
182.064 261
182.064 260
182.064 259
182.065 258
182.065 257
182.065 256.343
182.065 256.035
182.066 255
182.066 254
182.066 253
182.066 252
182.066 251
182.067 250
182.067 249
182.067 248
182.067 247
182.068 246
182.068 245.147
182.068 244
182.068 243
182.069 242
182.069 241
182.069 240
182.069 239
182.07 238
182.07 237
182.07 236
182.07 235
182.071 234.259
182.071 233
182.071 232
182.071 231
182.072 230
182.072 229
182.072 228
182.072 227
182.072 226
182.073 225
182.073 224
182.073 223.372
182.073 222
182.074 221
182.074 220
182.074 219
182.074 218
182.075 217
182.075 216
182.075 215
182.075 214
182.076 213
182.076 212.483
182.076 211
182.076 210
182.077 209
182.077 208
182.077 207
182.077 206
182.078 205
182.078 204
182.078 203
182.078 202
182.078 201
182.079 200
182.079 199
182.079 198
182.079 197
182.08 196
182.08 195
182.08 194
182.08 193
182.081 192
182.081 191.015
182.081 190
182.081 189
182.125 190
182.126 191
182.163 192
182.203 193
182.243 194
182.284 195
182.326 196
182.369 197
182.412 198
182.457 199
182.502 200
182.548 201
182.596 202
182.644 203
182.694 204
182.745 205
182.797 206
182.851 207
182.906 208
182.963 209
183.021 210
183.081 211
183.144 212
183.209 213
183.276 214
183.346 215
183.418 216
183.495 217
183.574 218
183.658 219
183.747 220
183.842 221
183.943 222
184.051 223
184.17 224
184.299 225
184.445 226
184.611 227
184.808 228
185.055 229
185.408 230
188.123 231
188.476 232
188.723 233
188.92 234
189.085 235
189.232 236
189.362 237
189.48 238
189.589 239
189.69 240
189.784 241
189.873 242
189.957 243
190.037 244
190.113 245
190.186 246
190.255 247
190.323 248
190.387 249
190.45 250
190.51 251
190.568 252
190.625 253
190.68 254
190.734 255
190.786 256
190.837 257
190.887 258
190.935 259
190.983 260
191.029 261
191.074 262
191.119 263
191.162 264
191.205 265
191.247 266
191.288 267
191.329 268
191.368 269
191.407 270
191.445 271
191.483 272
191.511 271
191.511 270.387
191.512 270.081
191.512 269.774
191.512 269.468
191.512 269.161
191.512 268.854
191.513 268.548
191.513 268.241
191.513 267.934
191.513 266
191.514 265
191.514 264
191.514 263
191.514 262
191.515 261
191.515 260
191.515 259
191.515 258
191.516 257.393
191.516 257.086
191.516 256
191.516 255
191.517 254
191.517 253
191.517 252
191.517 251
191.518 250
191.518 249
191.518 248
191.518 247
191.518 246.238
191.519 245
191.519 244
191.519 243
191.519 242
191.52 241
191.52 240
191.52 239
191.52 238
191.521 237
191.521 236
191.521 235.39
191.521 234
191.522 233
191.522 232
191.522 231
191.522 230
191.523 229
191.523 228
191.523 227
191.523 226
191.524 225
191.524 224
191.524 223
191.524 222
191.525 221
191.525 220
191.525 219
191.525 218
191.525 217
191.526 216
191.526 215
191.526 214
191.526 213
191.527 212
191.527 211
191.527 210
191.527 209
191.528 208
191.528 207
191.528 206
191.528 205
191.529 204
191.529 203.151
191.529 202
191.529 201
191.53 200
191.53 199
191.53 198
191.53 197
191.531 196
191.531 195
191.531 194
191.531 193
191.531 192.303
191.532 191
191.532 190
191.549 189
191.576 190
191.594 191
191.595 192
191.603 193
191.628 194
191.652 195
191.677 196
191.702 197
191.728 198
191.77 199
191.805 200
191.831 201
191.858 202
191.884 203
191.911 204
191.939 205
191.964 206
191.994 207
192.022 208
192.051 209
192.079 210
192.108 211
192.138 212
192.165 213
192.198 214
192.228 215
192.259 216
192.289 217
192.32 218
192.353 219
192.385 220
192.418 221
192.451 222
192.478 223
192.519 224
192.553 225
192.586 226
192.623 227
192.66 228
192.695 229
192.734 230
192.771 231
192.806 232
192.848 233
192.888 234
192.918 235
192.97 236
193.003 237
193.054 238
193.088 239
193.142 240
193.174 241
193.232 242
193.281 243
193.32 244
193.379 245
193.43 246
193.467 247
193.526 248
193.586 249
193.646 250
193.706 251
193.766 252
193.827 253
193.888 254
193.949 255
194.01 256
194.071 257
194.133 258
194.195 259
194.26 260
194.344 261
194.433 262
194.527 263
194.628 264
194.737 265
194.855 266
194.985 267
195.13 268
195.297 269
195.493 270
195.741 271
195.807 270
195.807 269.385
195.807 269.077
195.807 268.769
195.807 268.462
195.808 268.154
195.808 267.847
195.808 267.539
195.808 267.231
195.809 266.923
195.809 265
195.809 264
195.809 263
195.81 262
195.81 261
195.81 260
195.81 259
195.811 258
195.811 257
195.811 256.343
195.811 256.035
195.812 255
195.812 254
195.812 253
195.812 252
195.813 251
195.813 250
195.813 249
195.813 248
195.813 247
195.814 246
195.814 245.147
195.814 244
195.814 243
195.815 242
195.815 241
195.815 240
195.815 239
195.816 238
195.816 237
195.816 236
195.816 235
195.817 234.259
195.817 233
195.817 232
195.817 231
195.818 230
195.818 229
195.818 228
195.818 227
195.819 226
195.819 225
195.819 224
195.819 223.372
195.82 222
195.82 221
195.82 220
195.82 219
195.82 218
195.821 217
195.821 216
195.821 215
195.821 214
195.822 213
195.822 212.483
195.822 211
195.822 210
195.823 209
195.823 208
195.823 207
195.823 206
195.824 205
195.824 204
195.824 203
195.824 202
195.825 201
195.825 200
195.825 199
195.825 198
195.826 197
195.826 196
195.826 195
195.826 194
195.826 193
195.827 192
195.827 191.015
195.827 190
195.827 189
195.871 190
195.872 191
195.909 192
195.949 193
195.989 194
196.03 195
196.072 196
196.115 197
196.158 198
196.203 199
196.248 200
196.294 201
196.342 202
196.391 203
196.44 204
196.491 205
196.543 206
196.597 207
196.652 208
196.709 209
196.767 210
196.827 211
196.89 212
196.955 213
197.022 214
197.092 215
197.164 216
197.241 217
197.321 218
197.404 219
197.493 220
197.588 221
197.689 222
197.797 223
197.916 224
198.045 225
198.191 226
198.357 227
198.554 228
198.801 229
199.154 230
