0 0
0.2 0
0.4 98
0.6 4
0.8 57
1 63
1.2 67
1.4 71
1.6 75
1.8 80
2 84
2.2 86
2.4 89
2.6 91
2.8 93
3 95
3.2 95
3.4 96
3.6 98
3.8 100
4 19
4.2 24
4.4 28
4.6 35
4.8 38
5 41
5.2 44
5.4 46
5.6 48
5.8 50
6 51
6.2 53
6.4 56
6.6 57
6.8 57
7 58
7.2 58
7.4 59
7.6 58
7.8 58
8 58
8.2 60
8.4 60
8.6 59
8.8 59
9 59
9.2 59
9.4 58
9.6 58
9.8 58
10 61
10.2 61
10.4 61
10.6 62
10.8 63
11 64
11.2 64
11.4 66
11.6 68
11.8 72
12 74
12.2 77
12.4 80
12.6 84
12.8 88
13 91
13.2 96
13.4 18
13.6 28
13.8 34
14 41
14.2 47
14.4 53
14.6 59
14.8 63
15 68
15.2 72
15.4 78
15.6 80
15.8 84
16 87
16.2 90
16.4 92
16.6 93
16.8 94
17 97
17.2 99
17.4 99
17.6 99
17.8 20
18 27
18.2 32
18.4 35
18.6 38
18.8 41
19 44
19.2 46
19.4 48
19.6 50
19.8 54
20 55
20.2 55
20.4 56
20.6 57
20.8 58
21 57
21.2 58
21.4 58
21.6 60
21.8 60
22 59
22.2 59
22.4 59
22.6 59
22.8 58
23 58
23.2 58
23.4 60
23.6 60
23.8 60
24 60
24.2 61
24.4 62
24.6 62
24.8 63
25 65
25.2 69
25.4 71
25.6 72
25.8 75
26 78
26.2 81
26.4 84
26.6 88
26.8 92
27 99
27.2 21
27.4 28
27.6 36
27.8 43
28 49
28.2 54
28.4 59
28.6 64
28.8 71
29 74
29.2 78
29.4 81
29.6 84
29.8 88
30 89
30.2 91
30.4 93
30.6 97
30.8 97
31 98
31.2 98
31.4 23
31.6 28
31.8 31
32 35
32.2 38
32.4 41
32.6 43
32.8 46
33 48
33.2 52
33.4 53
33.6 54
33.8 55
34 56
34.2 57
34.4 56
34.6 57
34.8 57
35 59
35.2 59
35.4 58
35.6 58
35.8 58
36 58
36.2 57
36.4 57
36.6 57
36.8 59
37 59
37.2 58
37.4 59
37.6 59
37.8 60
38 60
38.2 61
38.4 63
38.6 66
38.8 68
39 69
39.2 72
39.4 75
39.6 78
39.8 80
40 84
40.2 88
40.4 95
40.6 100
40.8 22
41 29
41.2 37
41.4 44
41.6 49
41.8 55
42 60
42.2 67
42.4 70
42.6 75
42.8 78
43 82
43.2 85
43.4 87
43.6 89
43.8 92
44 95
44.2 96
44.4 97
44.6 98
44.8 99
45 19
45.2 24
45.4 28
45.6 32
45.8 36
46 39
46.2 42
46.4 44
46.6 49
46.8 51
47 52
47.2 53
47.4 55
47.6 56
47.8 56
48 57
48.2 57
48.4 60
48.6 60
48.8 59
49 59
49.2 59
49.4 59
49.6 58
49.8 58
50 58
50.2 60
50.4 60
50.6 59
50.8 59
51 59
51.2 60
51.4 60
51.6 60
51.8 61
52 65
52.2 66
52.4 67
52.6 68
52.8 71
53 73
53.2 75
53.4 78
53.6 82
53.8 87
54 92
54.2 95
54.4 99
54.6 25
54.8 31
55 38
55.2 44
55.4 51
55.6 58
55.8 63
56 67
56.2 72
56.4 76
56.6 80
56.8 82
57 85
57.2 88
57.4 92
57.6 93
57.8 95
58 96
58.2 97
58.4 98
58.6 98
58.8 20
59 25
59.2 29
59.4 32
59.6 36
59.8 39
60 44
60.2 47
60.4 48
60.6 50
60.8 52
61 54
61.2 54
61.4 55
61.6 56
61.8 59
62 59
62.2 59
62.4 59
62.6 59
62.8 59
63 58
63.2 58
63.4 58
63.6 60
63.8 60
64 59
64.2 59
64.4 59
64.6 59
64.8 59
65 59
65.2 60
65.4 63
65.6 64
65.8 64
66 65
66.2 67
66.4 69
66.6 70
66.8 73
67 76
67.2 81
67.4 85
67.6 88
67.8 92
68 97
68.2 19
68.4 26
68.6 32
68.8 40
69 48
69.2 54
69.4 59
69.6 64
69.8 69
70 73
70.2 76
70.4 79
70.6 83
70.8 88
71 90
71.2 92
71.4 94
71.6 95
71.8 97
72 97
72.2 97
72.4 21
72.6 26
72.8 29
73 33
73.2 37
73.4 42
73.6 45
73.8 46
74 48
74.2 50
74.4 52
74.6 52
74.8 54
75 55
75.2 57
75.4 58
75.6 58
75.8 58
76 58
76.2 58
76.4 57
76.6 57
76.8 57
77 59
77.2 59
77.4 58
77.6 58
77.8 58
78 58
78.2 57
78.4 58
78.6 58
78.8 61
79 62
79.2 63
79.4 64
79.6 65
79.8 67
80 68
80.2 71
80.4 73
80.6 78
80.8 82
81 85
81.2 89
81.4 93
81.6 98
81.8 19
82 27
82.2 34
82.4 43
82.6 50
82.8 55
83 60
83.2 65
83.4 70
83.6 73
83.8 77
84 80
84.2 85
84.4 89
84.6 90
84.8 92
85 94
85.2 96
85.4 96
85.6 97
85.8 98
86 100
86.2 23
86.4 26
86.6 31
86.8 36
87 40
87.2 42
87.4 45
87.6 47
87.8 50
88 50
88.2 52
88.4 54
88.6 57
88.8 58
89 57
89.2 58
89.4 59
89.6 59
89.8 58
90 58
90.2 58
90.4 60
90.6 60
90.8 59
91 59
91.2 59
91.4 59
91.6 58
91.8 58
92 58
92.2 61
92.4 61
92.6 61
92.8 62
93 63
93.2 65
93.4 65
93.6 67
93.8 69
94 74
94.2 76
94.4 78
94.6 82
94.8 86
95 90
95.2 93
95.4 98
95.6 22
95.8 31
96 38
96.2 44
96.4 50
96.6 56
96.8 61
97 65
97.2 70
97.4 74
97.6 80
97.8 83
98 85
98.2 88
98.4 91
98.6 93
98.8 93
99 95
99.2 96
99.4 99
99.6 100
99.8 18
100 23
100.2 29
100.4 34
100.6 36
100.8 40
101 43
101.2 46
101.4 48
101.6 49
101.8 51
102 55
102.2 56
102.4 56
102.6 57
102.8 58
103 58
103.2 58
103.4 58
103.6 58
103.8 60
104 60
104.2 59
104.4 59
104.6 59
104.8 59
105 58
105.2 58
105.4 58
105.6 60
105.8 60
106 60
106.2 61
106.4 61
106.6 62
106.8 63
107 64
107.2 66
107.4 70
107.6 72
107.8 73
108 76
108.2 79
108.4 83
108.6 86
108.8 90
109 95
109.2 100
109.4 26
109.6 32
109.8 39
110 46
110.2 52
110.4 57
110.6 62
110.8 67
111 73
111.2 77
111.4 80
111.6 83
111.8 86
112 89
112.2 90
112.4 92
112.6 94
112.8 97
113 99
113.2 99
113.4 20
113.6 26
113.8 31
114 34
114.2 37
114.4 41
114.6 43
114.8 46
115 47
115.2 49
115.4 53
115.6 54
115.8 54
116 56
116.2 56
116.4 57
116.6 58
116.8 57
117 57
117.2 59
117.4 59
117.6 58
117.8 58
118 58
118.2 58
118.4 57
118.6 57
118.8 57
119 59
119.2 59
119.4 59
119.6 59
119.8 60
120 61
120.2 61
120.4 62
120.6 64
120.8 68
121 70
121.2 71
121.4 74
121.6 77
121.8 80
122 83
122.2 87
122.4 92
122.6 99
122.8 19
123 27
123.2 34
123.4 41
123.6 47
123.8 52
124 58
124.2 63
124.4 70
124.6 74
124.8 77
125 81
125.2 84
125.4 87
125.6 89
125.8 91
126 93
126.2 96
126.4 98
126.6 98
126.8 99
127 99
127.2 23
127.4 26
127.6 31
127.8 35
128 38
128.2 41
128.4 43
128.6 46
128.8 50
129 52
129.2 53
129.4 54
129.6 55
129.8 56
130 57
130.2 57
130.4 57
130.6 60
130.8 60
131 59
131.2 59
131.4 59
131.6 59
131.8 59
132 58
132.2 58
132.4 60
132.6 60
132.8 59
133 59
133.2 60
133.4 60
133.6 60
133.8 61
134 62
134.2 65
134.4 67
134.6 68
134.8 70
135 72
135.2 75
135.4 77
135.6 80
135.8 84
136 90
136.2 95
136.4 98
136.6 22
136.8 29
137 36
137.2 42
137.4 48
137.6 54
137.8 61
138 66
138.2 70
138.4 74
138.6 78
138.8 81
139 84
139.2 87
139.4 89
139.6 93
139.8 95
140 96
140.2 97
140.4 98
140.6 99
140.8 98
141 23
141.2 28
141.4 32
141.6 36
141.8 38
142 41
142.2 45
142.4 49
142.6 50
142.8 52
143 53
143.2 55
143.4 56
143.6 56
143.8 57
144 59
144.2 60
144.4 59
144.6 59
144.8 59
145 59
145.2 59
145.4 58
145.6 58
145.8 60
146 60
146.2 59
146.4 59
146.6 59
146.8 59
147 59
147.2 59
147.4 60
147.6 63
147.8 64
148 65
148.2 66
148.4 68
148.6 70
148.8 72
149 75
149.2 78
149.4 83
149.6 87
149.8 90
150 95
150.2 99
150.4 23
150.6 29
150.8 36
151 43
151.2 51
151.4 57
151.6 61
151.8 66
152 71
152.2 75
152.4 77
152.6 81
152.8 84
153 89
153.2 92
153.4 93
153.6 94
153.8 96
154 97
154.2 97
154.4 98
154.6 18
154.8 24
155 28
155.2 31
155.4 35
155.6 40
155.8 44
156 45
156.2 48
156.4 50
156.6 52
156.8 53
157 54
157.2 55
157.4 57
157.6 59
157.8 58
158 59
158.2 59
158.4 59
158.6 59
158.8 58
159 58
159.2 60
159.4 60
159.6 59
159.8 59
160 59
160.2 59
160.4 59
160.6 58
160.8 59
161 62
161.2 62
161.4 62
161.6 64
161.8 65
162 67
162.2 67
162.4 70
162.6 72
162.8 77
163 80
163.2 83
163.4 87
163.6 91
163.8 96
164 98
164.2 24
164.4 31
164.6 40
164.8 46
165 52
165.2 57
165.4 63
165.6 68
165.8 71
166 75
166.2 78
166.4 84
166.6 87
166.8 89
167 91
167.2 93
167.4 95
167.6 95
167.8 96
168 97
168.2 100
168.4 20
168.6 24
168.8 28
169 33
169.2 38
169.4 40
169.6 43
169.8 46
170 48
170.2 50
170.4 51
170.6 53
170.8 55
171 57
171.2 57
171.4 58
171.6 58
171.8 59
172 59
172.2 58
172.4 58
172.6 59
172.8 60
173 59
173.2 59
173.4 59
173.6 59
173.8 59
174 58
174.2 58
174.4 61
174.6 61
174.8 61
175 62
175.2 63
175.4 64
175.6 65
175.8 66
176 68
176.2 72
176.4 75
176.6 77
176.8 80
177 84
177.2 88
177.4 91
177.6 96
177.8 18
178 27
178.2 35
178.4 41
178.6 47
178.8 53
179 59
179.2 63
179.4 68
179.6 72
179.8 78
180 81
180.2 84
180.4 87
180.6 89
180.8 92
181 93
181.2 94
181.4 96
181.6 99
181.8 100
182 99
182.2 20
182.4 26
182.6 31
182.8 34
183 38
183.2 41
183.4 44
183.6 47
183.8 48
184 50
184.2 53
184.4 55
184.6 55
184.8 56
185 57
185.2 58
185.4 58
185.6 58
185.8 58
186 59
186.2 60
186.4 59
186.6 59
186.8 59
187 59
187.2 59
187.4 58
187.6 58
187.8 60
188 60
188.2 60
188.4 60
188.6 61
188.8 62
189 63
189.2 63
189.4 65
189.6 69
189.8 71
190 72
190.2 75
190.4 78
190.6 81
190.8 85
191 88
191.2 92
191.4 99
191.6 22
191.8 28
192 36
192.2 42
192.4 49
192.6 54
192.8 59
193 64
193.2 71
193.4 75
193.6 78
193.8 81
194 84
194.2 87
194.4 89
194.6 91
194.8 93
195 97
195.2 98
195.4 98
195.6 99
195.8 99
196 24
196.2 27
196.4 32
196.6 35
196.8 39
197 42
197.2 44
197.4 46
197.6 50
197.8 52
198 53
198.2 55
198.4 56
198.6 57
198.8 57
199 57
199.2 58
199.4 59
199.6 60
199.8 59
200 59
