0.140095 10
0.181396 11
0.183799 13
0.186202 15
0.188606 17
0.191009 19
0.225434 21
0.228202 23
0.23097 25
0.233738 27
0.236506 29
0.239275 31
0.242043 33
0.244811 35
0.263935 37
0.266704 39
0.269472 41
0.27224 43
0.275008 45
0.277776 47
0.280544 49
0.283065 51
0.292736 53
0.29514 55
0.297543 57
0.299946 59
0.302349 61
0.304752 63
0.307156 65
0.309559 67
0.311962 69
0.314365 71
0.316768 73
0.319172 75
0.321575 77
0.323978 79
0.326381 81
0.328784 83
0.331188 85
0.333591 87
0.335994 89
0.338397 91
0.3408 93
0.343204 95
0.345607 97
0.34801 99
0.350413 101
0.379252 103
0.739732 104.522
0.859892 75.8736
0.900746 73.8736
1.18673 75.8736
1.22758 73.8736
1.23479 71.5773
1.51356 73.5773
1.55442 71.5773
1.8404 73.5773
1.88125 71.5773
2.16723 73.5773
2.20809 71.5773
2.49407 73.5773
2.53492 71.5773
2.8209 73.5773
2.86176 71.5773
3.14774 73.5773
3.18859 71.5773
3.47457 73.5773
3.51543 71.5773
3.80141 73.5773
3.84226 71.5773
4.12824 73.5773
4.1691 71.5773
4.45508 73.5773
4.49593 71.5773
4.78191 73.5773
4.82277 71.5773
5.10875 73.5773
5.1496 71.5773
5.43558 73.5773
5.47644 71.5773
5.76242 73.5773
5.80327 71.5773
6.08925 73.5773
6.13011 71.5773
6.41609 73.5773
6.45694 71.5773
6.74293 73.5773
6.78378 71.5773
7.06976 73.5773
7.11061 71.5773
7.3966 73.5773
7.43745 71.5773
7.72343 73.5773
7.76429 71.5773
8.05027 73.5773
8.09112 71.5773
8.3771 73.5773
8.41796 71.5773
8.70394 73.5773
8.74479 71.5773
9.03077 73.5773
9.07163 71.5773
9.35761 73.5773
9.39846 71.5773
9.68444 73.5773
9.7253 71.5773
10.0113 73.5773
10.0521 71.5773
10.141 59.4385
10.141 4
10.1435 6
10.1435 4
10.1459 6
10.1459 4
10.1483 6
10.1483 4
10.1507 6
10.1507 4
10.1531 6
10.1531 4
10.1555 6
10.1555 4
10.1579 6
10.1579 4
10.1603 6
10.1603 4
10.1627 6
10.1627 4
10.1651 6
10.1651 4
10.1675 6
10.1675 4
10.1699 6
10.1699 4
10.1723 6
10.1723 4
10.1747 6
10.1747 4
10.1771 6
10.1771 4
10.1795 6
10.1795 4
10.1819 6
10.1819 4
10.1843 6
10.1843 4
10.1867 6
10.1867 4
10.1891 6
10.1891 4
10.1915 6
10.1915 4
10.1939 6
10.1939 4
10.1963 6
10.1963 4
10.2352 6
10.2352 4
10.2388 6
10.2388 4
10.2777 6
10.2777 4
10.2813 6
10.2813 4
10.3201 6
10.3201 4
10.3237 6
10.3237 4
10.3626 6
10.3626 4
10.3662 6
10.3662 4
10.4051 71.5773
10.4051 73.5773
10.4087 75.5773
10.4475 77.5773
10.4499 79.5773
10.4524 81.5773
10.4548 81.7852
10.4572 81.134
10.4596 80.355
10.462 79.674
10.4644 79.2859
10.4668 78.739
10.4692 78.4675
10.4716 78.0228
10.474 77.6333
10.4764 77.5
10.4788 77.1761
10.4812 77.1001
10.4836 76.826
10.486 76.5863
10.4884 76.5843
10.4908 76.3743
10.4956 78.2127
10.5028 78.1229
10.5076 78.02
10.5148 77.9938
10.5196 77.9206
10.5317 77.8702
10.5629 75.8702
10.8657 77.8702
10.909 75.8702
11.2118 77.8702
11.255 75.8702
11.5578 77.8702
11.6011 75.8702
11.9039 77.8702
11.9471 75.8702
12.2499 77.8702
12.2932 75.8702
12.596 77.8702
12.6393 75.8702
12.9421 77.8702
12.9853 75.8702
13.2881 77.8702
13.3314 75.8702
13.6342 77.8702
13.6774 75.8702
13.9803 77.8702
14.0235 75.8702
14.3263 77.8702
14.3696 75.8702
14.6724 77.8702
14.7156 75.8702
15.0184 77.8702
15.0617 75.8702
15.3645 77.8702
15.4078 75.8702
15.7106 77.8702
15.7538 75.8702
16.0566 77.8702
16.0999 75.8702
16.4027 77.8702
16.4459 75.8702
16.7487 77.8702
16.792 75.8702
17.0948 77.8702
17.1381 75.8702
17.4409 77.8702
17.4841 75.8702
17.7869 77.8702
17.8302 75.8702
18.133 77.8702
18.1762 75.8702
18.479 77.8702
18.5223 75.8702
18.8251 77.8702
18.8684 75.8702
19.1712 77.8702
19.2144 75.8702
19.5172 77.8702
19.5605 75.8702
19.8633 77.8702
19.9065 75.8702
20.2093 77.8702
20.2526 75.8702
20.5338 45.261
20.5338 4
20.5362 6
20.5362 4
20.5386 6
20.5386 4
20.541 6
20.541 4
20.5434 6
20.5434 4
20.5458 6
20.5458 4
20.5482 6
20.5482 4
20.5506 6
20.5506 4
20.553 6
20.553 4
20.5554 6
20.5554 4
20.5578 6
20.5578 4
20.5602 6
20.5602 4
20.5626 6
20.5626 4
20.565 6
20.565 4
20.5674 6
20.5674 4
20.5698 6
20.5698 4
20.5722 6
20.5722 4
20.5746 6
20.5746 4
20.577 6
20.577 4
20.5794 6
20.5794 4
20.6183 6
20.6183 4
20.6219 6
20.6219 4
20.6608 6
20.6608 4
20.6644 6
20.6644 4
20.7032 6
20.7032 4
20.7069 6
20.7069 4
20.7457 6
20.7457 4
20.7493 6
20.7493 4
20.7882 75.8702
20.7882 77.8702
20.7918 77.4171
20.8307 76.6872
20.8332 76.2465
20.8358 75.663
20.8383 75.3501
20.8408 74.8785
20.8433 74.6644
20.8459 74.2783
20.8484 74.1388
20.8509 73.8191
20.8534 73.7369
20.856 73.4669
20.8585 73.4289
20.861 73.3957
20.8635 73.3667
20.866 73.3412
20.8686 73.1209
20.8736 72.9323
20.8787 72.788
20.8837 72.6775
20.8888 72.5932
20.8938 72.5283
20.8989 72.4793
20.9039 72.4413
20.9089 72.4123
20.914 72.3902
20.9216 74.3902
20.9367 74.3757
20.9417 74.3619
20.9468 74.3515
20.9518 74.3432
20.9569 74.337
20.9619 74.3329
20.9716 74.7811
20.9836 75.6222
20.9956 76.3978
21.0004 74.3978
21.0077 75.1146
21.0221 75.6996
21.3032 77.6996
21.3537 75.6996
21.6565 77.6996
21.6998 75.6996
22.0026 77.6996
22.0458 75.6996
22.3486 77.6996
22.3919 75.6996
22.6947 77.6996
22.738 75.6996
23.0408 77.6996
23.084 75.6996
23.3868 77.6996
23.4301 75.6996
23.7329 77.6996
23.7761 75.6996
24.0789 77.6996
24.1222 75.6996
24.425 77.6996
24.4683 75.6996
24.7711 77.6996
24.8143 75.6996
25.1171 77.6996
25.1604 75.6996
25.4632 77.6996
25.5064 75.6996
25.8092 77.6996
25.8525 75.6996
26.1553 77.6996
26.1986 75.6996
26.5014 77.6996
26.5446 75.6996
26.8474 77.6996
26.8907 75.6996
27.1935 77.6996
27.2368 75.6996
27.5396 77.6996
27.5828 75.6996
27.8856 77.6996
27.9289 75.6996
28.2317 77.6996
28.2749 75.6996
28.5777 77.6996
28.621 75.6996
28.9238 77.6996
28.9671 75.6996
29.2699 77.6996
29.3131 75.6996
29.6159 77.6996
29.6592 75.6996
29.962 77.6996
30.0052 75.6996
30.308 77.6996
30.3513 75.6996
30.6541 77.6996
30.6974 75.6996
30.9641 45.6347
30.9641 4
30.9665 6
30.9665 4
30.9689 6
30.9689 4
30.9713 6
30.9713 4
30.9737 6
30.9737 4
30.9761 6
30.9761 4
30.9785 6
30.9785 4
30.9809 6
30.9809 4
30.9833 6
30.9833 4
30.9857 6
30.9857 4
30.9881 6
30.9881 4
30.9905 6
30.9905 4
30.993 6
30.993 4
30.9954 6
30.9954 4
30.9978 6
30.9978 4
31.0002 6
31.0002 4
31.0026 6
31.0026 4
31.005 6
31.005 4
31.0074 6
31.0074 4
31.0098 6
31.0098 4
31.0486 6
31.0486 4
31.0522 6
31.0522 4
31.0911 6
31.0911 4
31.0947 6
31.0947 4
31.1336 6
31.1336 4
31.1372 6
31.1372 4
31.1761 6
31.1761 4
31.1797 6
31.1797 4
31.2185 75.8702
31.2185 77.8702
31.2221 77.4903
31.2611 76.9496
31.2636 76.2783
31.2661 75.8888
31.2686 75.3494
31.2712 75.0767
31.2737 74.6388
31.2762 74.4544
31.2787 74.0946
31.2812 73.9786
31.2838 73.6782
31.2863 73.614
31.2888 73.3591
31.2913 73.3349
31.2939 73.1153
31.2989 72.9282
31.304 72.7852
31.3166 72.7707
31.3216 72.6644
31.3267 72.5829
31.3317 72.5207
31.3368 72.4731
31.3418 72.4365
31.3469 72.4088
31.3519 72.3874
31.3569 72.3709
31.362 72.3584
31.3897 72.3543
31.3948 72.346
31.3998 72.3391
31.4049 72.3343
31.4099 72.3301
31.415 72.3273
31.4377 74.3273
31.468 74.3253
31.4755 71.1008
31.4829 71.0608
31.4877 73.0608
31.4901 74.7307
31.4998 75.5718
31.5118 76.3467
31.519 74.3467
31.5238 75.0628
31.5406 75.6464
31.8218 77.6464
31.8723 75.6464
32.1751 77.6464
32.2183 75.6464
32.5211 77.6464
32.5644 75.6464
32.8672 77.6464
32.9104 75.6464
33.2132 77.6464
33.2565 75.6464
33.5593 77.6464
33.6026 75.6464
33.9054 77.6464
33.9486 75.6464
34.2514 77.6464
34.2947 75.6464
34.5975 77.6464
34.6407 75.6464
34.9435 77.6464
34.9868 75.6464
35.2896 77.6464
35.3329 75.6464
35.6357 77.6464
35.6789 75.6464
35.9817 77.6464
36.025 75.6464
36.3278 77.6464
36.371 75.6464
36.6738 77.6464
36.7171 75.6464
37.0199 77.6464
37.0632 75.6464
37.366 77.6464
37.4092 75.6464
37.712 77.6464
37.7553 75.6464
38.0581 77.6464
38.1013 75.6464
38.4041 77.6464
38.4474 75.6464
38.7502 77.6464
38.7935 75.6464
39.0963 77.6464
39.1395 75.6464
39.4423 77.6464
39.4856 75.6464
39.7884 77.6464
39.8317 75.6464
40.1345 77.6464
40.1777 75.6464
40.4805 77.6464
40.5238 75.6464
40.8266 77.6464
40.8698 75.6464
41.1726 77.6464
41.2159 75.6464
41.4851 45.6209
41.4851 4
41.4875 6
41.4875 4
41.4899 6
41.4899 4
41.4923 6
41.4923 4
41.4947 6
41.4947 4
41.4971 6
41.4971 4
41.4995 6
41.4995 4
41.5019 6
41.5019 4
41.5043 6
41.5043 4
41.5067 6
41.5067 4
41.5091 6
41.5091 4
41.5115 6
41.5115 4
41.5139 6
41.5139 4
41.5163 6
41.5163 4
41.5187 6
41.5187 4
41.5211 6
41.5211 4
41.5235 6
41.5235 4
41.5259 6
41.5259 4
41.5283 6
41.5283 4
41.5307 6
41.5307 4
41.5696 6
41.5696 4
41.5732 6
41.5732 4
41.6121 6
41.6121 4
41.6157 6
41.6157 4
41.6545 6
41.6545 4
41.6581 6
41.6581 4
41.697 6
41.697 4
41.7006 6
41.7006 4
41.7395 75.8702
41.7395 77.8702
41.7431 79.8702
41.7819 76.7742
41.7843 76.3232
41.7867 75.73
41.7891 75.4088
41.7915 74.9302
41.794 74.511
41.7964 74.3425
41.7988 73.9965
41.8012 73.8923
41.8036 73.6029
41.806 73.3501
41.8084 73.3267
41.8108 73.1077
41.8156 72.9227
41.818 72.7548
41.8228 73.4751
41.8278 73.3957
41.8303 75.3957
41.8328 75.3349
41.8379 75.2887
41.8429 75.2528
41.848 75.2251
41.8656 75.2196
41.8706 75.1996
41.8923 75.8039
41.9019 76.4054
41.9043 74.4054
41.9139 75.1243
41.9259 75.6892
41.9403 75.7493
42.2071 77.7493
42.2576 75.7493
42.5604 77.7493
42.6036 75.7493
42.9064 77.7493
42.9497 75.7493
43.2525 77.7493
43.2957 75.7493
43.5985 77.7493
43.6418 75.7493
43.9446 77.7493
43.9879 75.7493
44.2907 77.7493
44.3339 75.7493
44.6367 77.7493
44.68 75.7493
44.9828 77.7493
45.026 75.7493
45.3288 77.7493
45.3721 75.7493
45.6749 77.7493
45.7182 75.7493
46.021 77.7493
46.0642 75.7493
46.367 77.7493
46.4103 75.7493
46.7131 77.7493
46.7563 75.7493
47.0592 77.7493
47.1024 75.7493
47.4052 77.7493
47.4485 75.7493
47.7513 77.7493
47.7945 75.7493
48.0973 77.7493
48.1406 75.7493
48.4434 77.7493
48.4867 75.7493
48.7895 77.7493
48.8327 75.7493
49.1355 77.7493
49.1788 75.7493
49.4816 77.7493
49.5248 75.7493
49.8276 77.7493
49.8709 75.7493
50.1737 77.7493
50.217 75.7493
50.5198 77.7493
50.563 75.7493
50.8658 77.7493
50.9091 75.7493
51.2119 77.7493
51.2551 75.7493
51.5579 77.7493
51.6012 75.7493
51.8728 45.511
51.8728 4
51.8752 6
51.8752 4
51.8776 6
51.8776 4
51.88 6
51.88 4
51.8824 6
51.8824 4
51.8848 6
51.8848 4
51.8872 6
51.8872 4
51.8896 6
51.8896 4
51.892 6
51.892 4
51.8944 6
51.8944 4
51.8968 6
51.8968 4
51.8992 6
51.8992 4
51.9016 6
51.9016 4
51.904 6
51.904 4
51.9064 6
51.9064 4
51.9088 6
51.9088 4
51.9112 6
51.9112 4
51.9136 6
51.9136 4
51.916 6
51.916 4
51.9184 6
51.9184 4
51.9573 6
51.9573 4
51.9609 6
51.9609 4
51.9998 6
51.9998 4
52.0034 6
52.0034 4
52.0422 6
52.0422 4
52.0458 6
52.0458 4
52.0847 6
52.0847 4
52.0883 6
52.0883 4
52.1272 75.8702
52.1272 77.8702
52.1308 79.8702
52.1696 76.7521
52.172 76.3032
52.1745 75.9109
52.1769 75.3688
52.1793 75.0932
52.1817 74.654
52.1841 74.4675
52.1865 74.3046
52.1889 73.9634
52.1913 73.8633
52.1937 73.5773
52.1961 73.5256
52.1985 73.2825
52.2009 73.0691
52.2057 72.893
52.2105 73.5822
52.213 73.433
52.218 75.433
52.2205 75.4171
52.2256 75.3515
52.2306 75.3011
52.2357 75.2624
52.2407 75.2327
52.2458 75.2099
52.2508 75.1927
52.2558 75.1796
52.2608 75.1692
52.28 75.7735
52.2872 73.7735
52.2896 74.375
52.3016 75.0932
52.3136 75.6575
52.328 75.7175
52.59 77.7175
52.6453 75.7175
52.9481 77.7175
52.9913 75.7175
53.2941 77.7175
53.3374 75.7175
53.6402 77.7175
53.6834 75.7175
53.9863 77.7175
54.0295 75.7175
54.3323 77.7175
54.3756 75.7175
54.6784 77.7175
54.7216 75.7175
55.0244 77.7175
55.0677 75.7175
55.3705 77.7175
55.4138 75.7175
55.7166 77.7175
55.7598 75.7175
56.0626 77.7175
56.1059 75.7175
56.4087 77.7175
56.4519 75.7175
56.7547 77.7175
56.798 75.7175
57.1008 77.7175
57.1441 75.7175
57.4469 77.7175
57.4901 75.7175
57.7929 77.7175
57.8362 75.7175
58.139 77.7175
58.1822 75.7175
58.485 77.7175
58.5283 75.7175
58.8311 77.7175
58.8744 75.7175
59.1772 77.7175
59.2204 75.7175
59.5232 77.7175
59.5665 75.7175
59.8693 77.7175
59.9125 75.7175
60.2153 77.7175
60.2586 75.7175
60.5614 77.7175
60.6047 75.7175
60.9075 77.7175
60.9507 75.7175
61.2535 77.7175
61.2968 75.7175
61.5996 77.7175
61.6428 75.7175
61.9457 77.7175
61.9889 75.7175
62.2629 45.5601
62.2629 4
62.2653 6
62.2653 4
62.2677 6
62.2677 4
62.2701 6
62.2701 4
62.2725 6
62.2725 4
62.2749 6
62.2749 4
62.2773 6
62.2773 4
62.2797 6
62.2797 4
62.2821 6
62.2821 4
62.2845 6
62.2845 4
62.2869 6
62.2869 4
62.2893 6
62.2893 4
62.2917 6
62.2917 4
62.2941 6
62.2941 4
62.2965 6
62.2965 4
62.2989 6
62.2989 4
62.3013 6
62.3013 4
62.3037 6
62.3037 4
62.3061 6
62.3061 4
62.3085 6
62.3085 4
62.3474 6
62.3474 4
62.351 6
62.351 4
62.3899 6
62.3899 4
62.3935 6
62.3935 4
62.4323 6
62.4323 4
62.4359 6
62.4359 4
62.4748 6
62.4748 4
62.4784 6
62.4784 4
62.5173 75.8702
62.5173 77.8702
62.5209 79.8702
62.5598 76.7514
62.5622 76.3025
62.5646 75.712
62.567 75.1954
62.5694 74.9413
62.5718 74.5207
62.5742 74.3508
62.5766 74.0041
62.579 73.701
62.5814 73.634
62.5838 73.3764
62.5862 73.3501
62.5886 73.1285
62.591 72.9344
62.5958 72.7901
62.6006 73.5028
62.6056 73.4164
62.6106 73.3508
62.6157 73.3004
62.6207 73.2624
62.6258 73.2327
62.6308 73.2099
62.6359 73.1927
62.6409 73.1796
62.6459 73.1692
62.6509 73.1616
62.6559 73.1561
62.6609 73.1512
62.6659 73.1478
62.6709 73.145
62.6758 73.143
62.6808 73.1416
62.6858 73.1402
62.6908 73.1395
62.6958 75.1388
62.7008 75.1381
62.7058 75.1374
62.7207 75.1367
62.7454 75.4102
62.7574 76.0532
62.7694 76.6423
62.7718 74.6423
62.7814 75.1837
62.7934 75.6837
63.0746 77.6837
63.1227 75.6837
63.4255 77.6837
63.4687 75.6837
63.7715 77.6837
63.8148 75.6837
64.1176 77.6837
64.1609 75.6837
64.4637 77.6837
64.5069 75.6837
64.8097 77.6837
64.853 75.6837
65.1558 77.6837
65.199 75.6837
65.5018 77.6837
65.5451 75.6837
65.8479 77.6837
65.8912 75.6837
66.194 77.6837
66.2372 75.6837
66.54 77.6837
66.5833 75.6837
66.8861 77.6837
66.9293 75.6837
67.2322 77.6837
67.2754 75.6837
67.5782 77.6837
67.6215 75.6837
67.9243 77.6837
67.9675 75.6837
68.2703 77.6837
68.3136 75.6837
68.6164 77.6837
68.6597 75.6837
68.9625 77.6837
69.0057 75.6837
69.3085 77.6837
69.3518 75.6837
69.6546 77.6837
69.6978 75.6837
70.0006 77.6837
70.0439 75.6837
70.3467 77.6837
70.39 75.6837
70.6928 77.6837
70.736 75.6837
71.0388 77.6837
71.0821 75.6837
71.3849 77.6837
71.4281 75.6837
71.7309 77.6837
71.7742 75.6837
72.077 77.6837
72.1203 75.6837
72.4231 77.6837
72.4663 75.6837
72.7379 45.2548
72.7379 4
72.7403 6
72.7403 4
72.7427 6
72.7427 4
72.7451 6
72.7451 4
72.7475 6
72.7475 4
72.7499 6
72.7499 4
72.7523 6
72.7523 4
72.7547 6
72.7547 4
72.7571 6
72.7571 4
72.7595 6
72.7595 4
72.7619 6
72.7619 4
72.7643 6
72.7643 4
72.7667 6
72.7667 4
72.7691 6
72.7691 4
72.7715 6
72.7715 4
72.7739 6
72.7739 4
72.7763 6
72.7763 4
72.7787 6
72.7787 4
72.7811 6
72.7811 4
72.7835 6
72.7835 4
72.8224 6
72.8224 4
72.826 6
72.826 4
72.8649 6
72.8649 4
72.8685 6
72.8685 4
72.9074 6
72.9074 4
72.911 6
72.911 4
72.9498 6
72.9498 4
72.9534 6
72.9534 4
72.9923 75.8702
72.9923 77.8702
72.9959 77.3025
73.0348 76.587
73.0374 76.1588
73.0399 75.5863
73.0424 75.2831
73.0449 74.8198
73.0474 74.6126
73.05 74.2334
73.0525 74.0994
73.055 73.9827
73.0575 73.6816
73.0601 73.6167
73.0626 73.3619
73.0651 73.337
73.0676 73.1174
73.0727 72.9296
73.0777 72.7859
73.0828 72.6761
73.0878 72.5919
73.0929 72.5276
73.0979 72.4786
73.103 72.4406
73.1358 72.4123
73.1408 72.3902
73.1459 72.3729
73.1509 72.3598
73.1559 72.3501
73.161 72.3425
73.1686 74.3425
73.1988 74.337
73.2039 74.3322
73.2089 74.3287
73.2186 74.7769
73.2306 75.6188
73.2426 76.3943
73.2475 74.3943
73.2547 75.1112
73.2691 75.6954
73.5503 77.6954
73.6007 75.6954
73.9035 77.6954
73.9468 75.6954
74.2496 77.6954
74.2928 75.6954
74.5956 77.6954
74.6389 75.6954
74.9417 77.6954
74.985 75.6954
75.2878 77.6954
75.331 75.6954
75.6338 77.6954
75.6771 75.6954
75.9799 77.6954
76.0231 75.6954
76.326 77.6954
76.3692 75.6954
76.672 77.6954
76.7153 75.6954
77.0181 77.6954
77.0613 75.6954
77.3641 77.6954
77.4074 75.6954
77.7102 77.6954
77.7535 75.6954
78.0563 77.6954
78.0995 75.6954
78.4023 77.6954
78.4456 75.6954
78.7484 77.6954
78.7916 75.6954
79.0944 77.6954
79.1377 75.6954
79.4405 77.6954
79.4838 75.6954
79.7866 77.6954
79.8298 75.6954
80.1326 77.6954
80.1759 75.6954
80.4787 77.6954
80.5219 75.6954
80.8247 77.6954
80.868 75.6954
81.1708 77.6954
81.2141 75.6954
81.5169 77.6954
81.5601 75.6954
81.8629 77.6954
81.9062 75.6954
82.209 77.6954
82.2522 75.6954
82.555 77.6954
82.5983 75.6954
82.9011 77.6954
82.9444 75.6954
83.2111 45.6347
83.2111 4
83.2135 6
83.2135 4
83.2159 6
83.2159 4
83.2183 6
83.2183 4
83.2207 6
83.2207 4
83.2231 6
83.2231 4
83.2255 6
83.2255 4
83.2279 6
83.2279 4
83.2303 6
83.2303 4
83.2327 6
83.2327 4
83.2352 6
83.2352 4
83.2376 6
83.2376 4
83.24 6
83.24 4
83.2424 6
83.2424 4
83.2448 6
83.2448 4
83.2472 6
83.2472 4
83.2496 6
83.2496 4
83.252 6
83.252 4
83.2544 6
83.2544 4
83.2568 6
83.2568 4
83.2956 6
83.2956 4
83.2993 6
83.2993 4
83.3381 6
83.3381 4
83.3417 6
83.3417 4
83.3806 6
83.3806 4
83.3842 6
83.3842 4
83.4231 6
83.4231 4
83.4267 6
83.4267 4
83.4655 75.8702
83.4655 77.8702
83.4691 77.4765
83.5081 76.9378
83.5106 76.2673
83.5131 75.8791
83.5156 75.3419
83.5182 75.0691
83.5207 74.6326
83.5232 74.4489
83.5257 74.0905
83.5282 73.9744
83.5308 73.6747
83.5333 73.6105
83.5358 73.3564
83.5383 73.3322
83.5409 73.1133
83.5459 72.9268
83.551 72.7838
83.5636 72.77
83.5686 72.6644
83.5737 72.5829
83.5787 72.5207
83.5838 72.4731
83.5888 72.4365
83.5939 72.4088
83.5989 72.3874
83.6039 72.3709
83.609 72.3584
83.6368 72.3543
83.6418 74.346
83.6468 74.3391
83.6519 74.3343
83.6569 74.3301
83.662 74.3273
83.6918 74.7756
83.7039 75.6167
83.7159 76.3923
83.7207 74.3923
83.7279 75.1091
83.7423 75.6934
84.0235 77.6934
84.074 75.6934
84.3768 77.6934
84.42 75.6934
84.7228 77.6934
84.7661 75.6934
85.0689 77.6934
85.1121 75.6934
85.4149 77.6934
85.4582 75.6934
85.761 77.6934
85.8043 75.6934
86.1071 77.6934
86.1503 75.6934
86.4531 77.6934
86.4964 75.6934
86.7992 77.6934
86.8424 75.6934
87.1452 77.6934
87.1885 75.6934
87.4913 77.6934
87.5346 75.6934
87.8374 77.6934
87.8806 75.6934
88.1834 77.6934
88.2267 75.6934
88.5295 77.6934
88.5727 75.6934
88.8755 77.6934
88.9188 75.6934
89.2216 77.6934
89.2649 75.6934
89.5677 77.6934
89.6109 75.6934
89.9137 77.6934
89.957 75.6934
90.2598 77.6934
90.303 75.6934
90.6059 77.6934
90.6491 75.6934
90.9519 77.6934
90.9952 75.6934
91.298 77.6934
91.3412 75.6934
91.644 77.6934
91.6873 75.6934
91.9901 77.6934
92.0334 75.6934
92.3362 77.6934
92.3794 75.6934
92.6822 77.6934
92.7255 75.6934
93.0283 77.6934
93.0715 75.6934
93.3743 77.6934
93.4176 75.6934
93.6627 45.6146
93.6627 4
93.6651 6
93.6651 4
93.6675 6
93.6675 4
93.6699 6
93.6699 4
93.6723 6
93.6723 4
93.6747 6
93.6747 4
93.6771 6
93.6771 4
93.6795 6
93.6795 4
93.6819 6
93.6819 4
93.6844 6
93.6844 4
93.6868 6
93.6868 4
93.6892 6
93.6892 4
93.6916 6
93.6916 4
93.694 6
93.694 4
93.6964 6
93.6964 4
93.6988 6
93.6988 4
93.7012 6
93.7012 4
93.7036 6
93.7036 4
93.706 6
93.706 4
93.7084 6
93.7084 4
93.7473 6
93.7473 4
93.7509 6
93.7509 4
93.7897 6
93.7897 4
93.7933 6
93.7933 4
93.8322 6
93.8322 4
93.8358 6
93.8358 4
93.8747 6
93.8747 4
93.8783 6
93.8783 4
93.9171 75.8702
93.9171 77.8702
93.9207 79.8702
93.9596 76.7023
93.962 76.2597
93.9644 75.8722
93.9668 75.3356
93.9692 75.0642
93.9716 74.6285
93.974 74.4448
93.9764 74.2845
93.9788 73.9461
93.9812 73.8481
93.9836 73.5642
93.986 73.5145
93.9884 73.4703
93.9908 73.2334
93.9933 73.2251
93.9957 73.0186
94.0005 73.8467
94.0029 73.6941
94.008 73.5635
94.0155 73.5041
94.0206 73.4178
94.0256 73.3522
94.0307 73.3018
94.0357 73.2624
94.0408 73.2334
94.0458 73.2106
94.0508 75.1934
94.0557 75.1796
94.0607 75.1699
94.0657 75.1616
94.0707 75.1561
94.0757 75.1512
94.0807 75.1478
94.0857 75.145
94.0907 75.143
94.1004 75.4171
94.1124 76.0601
94.1244 76.6485
94.1268 74.6485
94.1364 75.1906
94.1484 75.6899
94.4296 77.6899
94.4777 75.6899
94.7805 77.6899
94.8237 75.6899
95.1265 77.6899
95.1698 75.6899
95.4726 77.6899
95.5158 75.6899
95.8186 77.6899
95.8619 75.6899
96.1647 77.6899
96.208 75.6899
96.5108 77.6899
96.554 75.6899
96.8568 77.6899
96.9001 75.6899
97.2029 77.6899
97.2461 75.6899
97.5489 77.6899
97.5922 75.6899
97.895 77.6899
97.9383 75.6899
98.2411 77.6899
98.2843 75.6899
98.5871 77.6899
98.6304 75.6899
98.9332 77.6899
98.9764 75.6899
99.2792 77.6899
99.3225 75.6899
99.6253 77.6899
99.6686 75.6899
99.9714 77.6899
